4001	12	-96
3501	13	14
4002	8	93
3001	7	-28
4501	5	87
3502	5	-93
4502	19	-63
1	16	36
3002	16	-64
3003	16	-26
4003	7	7
4004	8	76
2501	13	-60
2502	4	-42
501	15	20
2001	15	68
3004	19	48
2	16	70
1501	18	12
1502	11	8
3503	6	-23
502	4	-78
4005	2	-23
3005	12	50
4006	18	-33
2002	10	-80
2003	15	55
3006	5	-27
503	15	16
504	12	24
3	14	86
3007	5	-3
3504	17	-65
505	3	-12
4007	3	61
506	3	-55
2503	1	-58
3505	9	6
2504	4	28
507	13	56
4	1	-100
5	16	3
508	14	32
2004	9	85
4503	4	-55
2505	7	-68
509	3	-71
4008	8	6
3506	15	46
4009	6	23
3507	18	-16
3508	4	23
4504	18	70
510	10	-61
511	16	-6
4010	5	84
2005	11	-64
3008	1	-30
1001	3	-24
1503	15	95
3509	15	81
512	19	-74
513	14	86
3009	12	49
2006	6	-3
3510	11	-91
4505	4	-30
4011	9	-32
4506	3	-1
4507	16	-39
6	16	-74
3010	8	16
3011	18	-42
2007	19	13
1504	1	-28
3012	3	-67
1002	16	-63
1003	13	99
2506	9	42
1004	1	-65
514	3	27
2008	6	-2
2507	3	96
2009	15	45
1005	9	11
1505	17	-86
2508	5	69
1006	8	-1
3013	10	-97
1506	4	6
2509	8	55
2510	8	-82
7	8	-20
1007	2	-100
1507	8	-45
1508	18	-46
4012	15	-22
2511	19	-5
8	16	-37
4508	11	-76
9	2	-92
4013	3	-57
2512	15	-56
2513	1	58
3014	3	67
4509	4	66
1008	14	2
1009	12	14
1509	9	-79
10	16	42
4014	3	83
2010	3	-31
1010	1	63
1510	3	4
11	16	93
4510	6	-39
4015	18	45
4511	3	40
4512	13	-92
1011	8	39
12	16	87
4513	4	-57
1511	10	-8
3015	6	88
3016	10	94
4514	5	44
3511	4	-3
1512	8	-26
13	14	53
4515	9	-65
1513	13	6
4516	18	-91
2011	9	-12
1514	17	-85
4517	18	-48
4016	3	30
1515	3	64
4518	19	85
1012	9	53
4519	4	-76
1013	10	37
4017	2	-27
3512	18	73
1014	4	-72
2012	7	-20
3017	19	43
14	16	-82
2514	11	-9
2013	12	-24
1516	13	36
3018	6	-36
2014	17	83
15	14	37
2015	9	20
4520	4	42
2016	14	18
2515	18	-84
2516	1	-21
515	18	52
3513	2	-13
2017	15	71
2018	7	-1
4521	3	-64
4018	12	96
3514	1	34
4522	1	-12
1517	9	30
16	16	-33
3019	4	73
3515	2	-68
1015	5	-18
4523	9	-100
4019	2	-42
2517	6	89
4020	17	-26
516	11	-10
1518	3	-53
17	16	17
4524	5	-80
3516	14	-2
18	14	31
3020	6	41
1519	6	10
4021	4	-82
4525	7	27
2518	12	71
4526	13	-27
2019	1	-63
4022	13	73
1016	5	43
19	16	26
1017	12	31
2020	12	-77
4023	11	-15
4527	12	-70
4528	15	28
1520	9	11
2021	3	62
3021	3	96
4529	3	19
3022	11	-42
2519	17	43
4530	9	1
1521	17	-56
2520	1	-23
4024	8	-42
2022	19	65
3517	6	45
4025	18	-16
4531	7	43
2521	15	45
517	1	19
1018	3	-19
518	7	82
519	15	-78
520	1	37
1019	11	48
4026	10	-42
1020	7	-50
20	16	64
2023	1	8
21	16	-7
521	7	-92
4532	15	-32
3518	15	-81
3023	19	48
4533	1	-39
522	14	93
4534	17	-89
22	16	-83
2024	5	-77
3519	13	57
1522	9	-81
4535	7	-94
2522	1	-32
3520	8	82
523	4	89
23	6	-4
3521	18	-4
2025	4	-40
524	2	-83
24	8	90
1021	17	-61
25	14	70
4027	14	89
3522	3	61
3024	13	98
4536	8	24
26	2	6
4537	3	58
1523	8	-50
4538	11	2
2523	5	38
525	5	33
2524	3	7
4539	6	-30
1524	3	72
27	14	25
2026	10	-25
4540	6	98
2525	4	-55
526	17	66
28	19	-58
2027	4	76
4541	10	-32
4028	17	34
1525	3	-7
2028	12	-67
4542	9	58
527	12	9
528	7	22
4543	11	89
529	13	-79
4029	15	-48
1526	3	61
1022	10	43
3523	5	50
3025	16	-6
1023	3	-86
3524	6	52
2029	2	-94
1527	1	74
3525	4	54
4030	11	-6
3026	10	-52
29	16	72
1528	9	-6
2030	1	91
4031	9	83
3526	15	52
530	14	-56
531	14	70
2526	3	-12
4032	3	1
2031	6	32
2527	18	-22
4033	18	38
1529	13	-92
3527	7	21
2032	9	-22
1024	5	-35
30	16	-53
4544	4	46
1530	4	-27
31	16	-12
1531	12	73
2528	7	-22
2033	18	-7
3027	3	22
1025	19	55
4034	4	-49
1026	8	-95
32	16	56
3528	19	91
4035	6	-47
1027	10	-87
4545	13	56
2529	14	-95
1028	11	-25
3529	12	83
2530	15	91
1532	12	-34
1533	14	25
33	16	-69
532	14	12
4036	14	66
533	18	-43
4546	4	95
534	12	39
1534	8	86
3530	3	67
2531	3	28
1535	6	-75
2034	7	-53
1536	9	9
3531	7	-39
535	19	-73
2532	3	67
1029	13	55
1030	5	-45
3532	5	-5
1031	19	-80
3028	5	-59
1537	7	-33
34	10	50
3029	5	-44
3533	3	-91
35	9	90
4547	19	33
2035	10	-42
3534	19	78
2533	15	-99
2534	4	-95
4548	15	-51
4037	4	15
2036	14	22
2535	2	-62
3030	3	94
2037	2	-12
1032	15	-22
36	16	-49
1033	14	-96
1538	19	-81
2038	11	-66
4038	3	-1
3031	8	19
4039	13	74
1539	13	44
37	12	15
4549	12	96
38	16	-73
3032	19	63
536	1	-29
1034	11	25
2039	10	32
2536	8	76
3535	12	75
4550	5	-44
1035	9	87
537	3	-57
1540	10	60
4551	16	73
1036	10	-70
4040	4	-77
4552	1	-49
3536	14	96
4553	15	-10
2040	17	0
3033	12	45
3034	3	19
3035	18	-37
4554	8	22
3537	2	-60
1541	3	-36
1542	12	97
3538	5	-13
1037	11	54
3036	17	-29
4555	14	-53
3539	7	-84
3540	5	18
1543	17	-48
1038	2	-29
3037	18	-14
3541	17	68
39	1	77
2537	12	14
2041	18	-83
538	5	-80
4556	4	78
3542	10	85
2042	18	56
539	1	71
540	9	23
4557	2	-65
1544	12	72
4041	12	-72
3543	7	-86
3544	12	-87
3545	1	15
3546	1	-9
3038	8	-30
4558	7	72
3547	1	98
1039	14	-98
4559	12	51
3039	15	-87
541	13	-19
4560	11	59
2538	1	74
2539	15	-4
4042	5	-56
4561	11	39
542	4	24
1545	14	-83
3040	18	-91
1040	10	96
3548	1	2
2540	17	24
1041	14	-5
3041	13	-1
4043	17	3
1042	2	93
40	6	20
3042	17	-26
2043	10	-87
4562	3	29
1546	17	86
2044	18	-60
4044	10	2
4563	10	-67
1043	3	12
1547	8	42
1548	7	78
4045	5	-39
543	19	-57
41	16	18
2045	3	-27
1549	13	-77
42	16	2
2541	7	-2
3043	14	-41
1550	3	1
4046	7	-85
1551	8	9
1044	3	56
2046	5	59
2542	7	3
3549	5	53
3550	5	-36
1045	2	97
4047	5	98
2047	7	-9
3551	19	-76
1552	19	45
3552	6	74
544	1	96
3044	19	46
3045	14	-72
545	10	50
2543	4	-63
4564	4	-68
4565	5	-53
43	14	0
4048	5	69
1553	11	-33
2048	17	-49
44	16	-15
1046	16	71
45	16	73
2544	12	-37
1047	1	-91
46	5	-21
1048	19	8
1049	3	0
1050	8	-66
4566	6	54
47	3	29
1051	7	-43
4567	10	-43
3046	1	55
3047	13	-1
2545	19	29
4049	8	-2
2049	14	46
546	3	-45
1052	4	-77
1053	3	85
1554	10	93
2546	10	-19
48	16	-31
1555	15	-56
4050	8	64
4051	15	-46
4052	4	42
1556	7	37
3048	11	76
4053	11	13
3049	5	-50
3050	13	-5
4568	6	-16
2050	14	72
49	16	-83
3051	7	-47
50	16	25
2051	4	-79
1557	12	0
1558	17	-74
3553	14	35
1559	10	-26
2052	17	82
4569	11	88
3052	19	-4
547	6	-72
1054	14	100
4570	13	-70
3554	2	76
2547	9	79
3053	4	-9
3054	9	43
4054	13	70
2548	15	-92
548	10	53
549	17	100
1560	1	80
1055	12	-60
1056	5	69
3555	1	62
1561	13	-63
51	14	61
3556	14	96
52	19	-95
4571	9	66
2053	2	38
53	16	97
4572	13	25
1562	3	35
2549	7	55
2550	16	66
2551	6	-68
4055	14	-79
1563	13	11
550	13	42
551	3	64
3055	19	45
1057	3	-94
1564	19	-71
2054	16	88
3557	10	82
3056	14	-22
54	5	83
3057	12	-23
552	8	11
1058	15	-67
55	16	-84
3058	6	-93
553	19	10
1565	12	43
4573	9	-62
4574	19	17
4056	19	-50
2552	14	-26
3558	14	-44
2553	11	-73
2055	8	80
3059	4	-70
2554	6	22
56	16	-73
1059	7	27
57	16	55
1566	5	-8
554	6	86
3559	10	-3
1567	2	-31
2555	6	-80
555	15	45
1568	11	-37
2056	12	-100
3060	8	-83
1569	10	98
2556	9	9
58	16	-13
3061	12	-88
59	16	40
3560	19	-84
1060	12	33
1061	15	-49
3062	12	53
3561	14	41
60	5	9
1570	14	80
1571	10	73
1572	19	47
556	14	-73
4575	11	-32
4576	9	12
3562	9	-94
1573	10	-79
1574	4	-5
4577	2	37
1062	15	-16
3063	15	-32
557	4	77
1575	6	-56
2057	3	56
1576	9	71
3563	18	64
2557	5	91
1577	5	-40
3064	12	7
2058	16	11
2059	7	21
3564	5	92
4578	17	98
61	15	-61
1063	17	32
4057	15	93
558	6	86
2558	11	80
4058	15	38
62	16	91
1578	19	40
559	3	-47
3565	2	-54
1064	19	-63
3065	1	91
63	16	86
2559	4	-34
4579	18	2
3066	11	41
3067	1	73
4059	10	-57
4060	1	-56
3068	1	-28
3069	12	-33
560	14	-76
3070	13	25
1065	13	-75
3566	9	-61
2560	17	-85
3567	19	-3
1579	14	-7
1066	3	-87
1580	15	-6
64	16	-79
2561	4	-75
3568	15	10
2060	15	-72
561	14	-97
65	19	9
2061	5	-71
562	8	96
563	16	-70
2062	16	-35
4061	5	0
66	16	-66
3569	12	-71
564	12	-37
67	5	-67
565	8	97
2063	2	23
68	19	-67
4062	13	35
4063	1	-53
1067	17	19
1068	18	69
1581	12	-4
1069	15	-81
3071	4	2
566	11	52
1070	3	76
1071	11	2
1582	5	3
2562	3	-85
4064	7	36
69	14	23
1583	10	42
3072	2	57
4065	5	-88
4580	5	-87
70	16	-1
4581	5	-67
1072	4	10
3570	9	15
3073	9	93
2563	8	66
71	2	-48
4066	12	-92
1073	5	37
4067	2	60
72	16	-50
3571	5	90
567	10	-67
1584	6	-37
1074	11	-2
3572	5	39
73	14	64
1075	2	15
4068	18	98
2064	4	4
4582	13	-78
4069	4	-94
4583	9	51
3573	8	-47
1585	13	-81
74	16	-5
3074	19	97
2065	9	23
4584	7	79
568	10	-1
75	16	28
2066	1	47
2564	19	47
3075	10	-35
1076	7	92
2565	11	12
4070	6	-29
3574	14	-68
1586	4	-65
569	1	-85
3575	14	99
3076	10	-87
2067	4	-52
4585	4	84
1587	3	69
2068	5	4
570	1	51
76	16	-44
1077	14	25
77	16	-18
78	17	33
1078	10	64
3576	18	-48
2069	6	56
79	10	46
4586	1	81
4071	3	28
2070	9	7
571	13	24
1079	16	98
2566	14	-39
3077	9	76
2071	11	13
3078	1	19
3577	8	15
3578	9	-81
4587	6	95
80	16	80
3079	18	-93
1588	7	8
1589	10	-40
81	14	-44
2072	18	6
1080	19	-95
4072	7	-70
1081	11	-90
572	14	-96
2073	4	79
82	16	-58
4073	6	-24
83	16	-68
2074	19	11
2567	18	98
4074	11	-39
3579	19	54
2075	2	-14
1082	2	-43
3080	2	64
2076	17	-32
573	2	-79
2077	6	70
4588	4	54
574	15	-90
4075	14	69
575	3	-73
3081	7	20
4076	17	40
576	13	-50
1083	10	74
4589	11	48
2568	7	-75
4590	17	28
2078	16	24
1590	16	9
4591	6	-13
1084	9	-23
4077	12	37
2079	7	-17
2569	2	-97
1085	8	-59
4078	13	-47
84	15	-21
4592	5	26
4593	16	17
2570	8	-94
2080	2	-9
4079	12	19
2081	11	-7
577	7	6
1591	17	-6
1592	3	-99
4080	1	88
4081	6	60
2082	19	-1
2571	8	-49
4082	2	-7
4594	7	45
578	12	22
2572	3	43
3580	12	-4
3581	7	61
4595	6	24
4596	3	-2
1593	10	99
85	16	-3
4597	19	-3
1594	1	1
4598	2	61
4599	9	13
2083	5	88
86	16	-75
2573	9	73
4600	2	-24
87	5	-85
3082	1	-48
88	16	14
3582	5	-9
1595	6	98
2574	3	-69
3583	11	-13
2575	8	-93
4083	4	-52
2084	4	74
3584	18	35
2085	1	23
3083	10	-43
3585	6	-88
2086	8	-55
2087	8	-40
2088	6	50
4084	17	-29
2089	11	-60
3586	6	-15
4085	7	44
579	7	-90
3084	11	-60
1596	19	98
1086	13	61
1087	12	2
1088	4	-2
4601	13	17
1089	17	89
580	14	-80
2090	5	-19
4602	5	14
2091	5	98
1597	14	75
1598	14	-6
3085	14	-75
1599	7	-12
3587	6	53
2576	1	66
2092	8	69
581	11	-36
3086	9	-54
2577	15	-33
4086	7	-19
2578	2	-69
1600	9	-79
4087	2	-52
2093	9	33
4603	8	-72
3588	14	-45
2579	12	-55
4088	10	-60
2580	11	-38
1601	4	-26
582	9	-99
3589	2	-59
2581	7	68
1090	3	-42
1602	15	-1
3590	3	-50
1603	5	20
2582	10	19
583	19	-36
3087	7	17
1604	9	33
3591	17	-25
2094	14	46
4604	13	-51
2583	19	-98
4605	7	61
89	3	-53
1091	10	32
3088	15	-77
584	19	-79
4606	17	30
1092	10	32
4089	13	-84
1093	5	79
3592	5	-96
3593	6	18
90	16	-17
3089	10	94
1605	19	-17
1094	13	90
2095	10	14
1606	7	-79
2584	1	-95
1095	18	-27
585	10	43
586	14	-9
3090	12	21
587	1	51
1096	16	51
588	13	-31
3594	4	70
2096	11	-11
2097	1	89
3595	7	-86
3091	3	-31
2585	7	60
589	4	-80
2098	7	-54
590	11	46
4607	19	-72
1607	10	11
3092	1	-56
91	16	-21
92	16	81
3596	7	70
4608	19	78
2586	7	46
2099	12	17
2100	19	-93
2101	12	-79
93	16	-21
1097	12	91
4609	2	98
3093	12	-90
3094	3	-21
3095	14	68
591	8	-2
2587	5	-33
1608	18	90
1609	19	-24
4090	15	-81
1610	3	-85
1611	7	-50
94	13	98
4610	8	-32
1098	4	-83
3096	11	34
95	16	41
1612	19	-88
96	16	-76
3097	9	-48
4091	3	-21
4092	1	-22
97	16	-49
3098	1	-61
592	12	-77
2102	3	50
3597	3	-24
1099	1	79
98	16	-77
3099	6	-100
593	6	70
1100	14	-50
99	3	-9
2588	8	19
3598	19	64
4093	2	48
594	19	78
4094	13	76
3100	6	-9
4611	6	49
4095	3	86
595	3	64
1613	1	-55
596	11	0
2103	9	71
2104	9	42
1614	4	-52
3599	6	-20
3600	10	-73
1615	11	86
1616	6	-53
3101	6	20
597	14	-45
4096	19	-83
2589	11	45
1101	11	-100
3601	14	-22
2590	4	30
4097	15	96
3102	11	-37
2105	2	82
4098	7	11
598	18	54
4099	19	-61
4612	7	87
1617	13	24
1618	19	-28
599	1	-77
3602	19	19
100	16	-47
1619	6	-97
4613	3	-34
1102	11	35
600	1	13
3103	7	86
601	8	-46
4614	10	20
1103	3	68
2591	9	90
2592	5	82
2106	1	-31
3603	6	-6
101	11	-86
602	6	36
1104	11	-16
4100	3	-95
603	1	22
3104	12	98
2593	6	67
2107	11	85
2594	1	-12
4615	12	-67
2108	4	-12
2109	13	-20
1620	1	-98
4101	3	95
1105	7	52
102	16	-77
2110	4	22
2111	10	47
3105	3	96
4616	13	-74
3106	15	-16
103	14	66
2595	17	6
604	11	91
1106	14	-30
2596	8	-100
4102	12	74
3107	13	55
1107	4	-22
3604	12	-6
2597	6	-19
1621	14	-68
4617	1	-1
3108	8	-35
1622	19	7
1108	13	-63
3605	7	49
1109	1	-21
1110	1	33
4618	8	76
104	16	-88
4103	3	9
4619	10	86
2112	12	37
4620	5	48
1623	12	82
3109	15	16
605	1	-15
606	7	1
4621	18	-56
607	5	31
3110	8	81
3111	3	2
3606	3	77
2598	10	95
4622	1	16
2599	18	10
2113	4	32
2600	13	99
608	5	85
4104	5	-64
2601	12	-19
4105	5	-33
3607	10	-15
4623	3	-46
3608	9	-46
1111	12	22
4106	9	90
1112	8	-34
609	14	7
610	10	10
2114	12	13
4107	8	88
4624	3	22
105	16	-83
611	5	-64
1113	10	72
2602	7	-96
4625	9	-73
612	11	96
613	2	-73
4108	7	33
1114	8	79
4109	1	0
2115	17	45
1115	12	-84
2603	8	-83
614	12	-99
4626	12	-84
3112	1	-45
4110	11	-11
1116	14	95
2116	15	-21
2117	3	28
2118	7	14
2119	13	56
3609	11	37
1117	18	2
4111	3	100
3113	3	-60
2120	3	-15
4627	19	-21
1624	19	-49
1625	15	-68
615	18	-87
4112	5	30
2604	9	-40
2605	7	-6
4628	8	-42
616	4	-32
4629	10	-84
4113	13	-65
3114	1	13
3115	3	-92
2121	13	-84
2122	7	15
2606	8	93
1626	3	36
2123	4	-35
3116	9	20
3610	7	21
1627	10	81
4630	14	53
1118	1	-33
617	2	1
3117	3	0
2607	11	-89
618	19	-23
1628	19	-38
2124	12	11
3611	9	-56
3118	1	13
1119	19	93
4631	17	46
3119	8	5
3120	9	-74
4632	14	68
4114	19	-9
3612	19	38
4633	3	-28
2125	11	88
2126	13	34
4634	9	18
4635	3	52
2608	17	-62
4636	3	-87
3613	1	-9
4637	16	14
2609	4	-23
2610	8	100
619	9	36
620	5	-30
1120	18	83
4115	5	-30
3614	13	6
621	16	40
106	16	-32
622	6	-70
623	14	-67
2127	14	-88
1629	3	29
107	16	-42
108	5	60
4638	17	-21
2611	3	-62
2128	18	-8
624	17	-19
3121	1	-50
4116	8	8
2129	18	-10
625	10	79
109	16	88
3122	18	16
3615	8	97
626	3	13
2130	19	15
110	16	54
3123	19	-71
1630	1	-24
3616	11	-78
3124	19	-17
3125	7	7
2612	3	68
3126	2	34
4117	8	32
2613	18	-9
2131	6	-21
111	16	41
3127	10	17
1631	14	2
1632	15	-54
2132	8	30
3617	5	-81
1121	13	-43
627	10	-99
112	16	10
3128	1	58
2614	19	79
4639	6	-20
2615	9	51
3618	7	-66
1633	9	58
113	16	90
4640	19	-21
4118	19	-21
3129	12	100
3619	11	-68
114	16	-11
628	3	90
4641	1	-37
3620	8	-95
115	16	34
2616	13	-71
116	16	75
3621	12	-4
117	16	-31
2617	10	-27
2133	12	-83
1122	13	54
3130	9	32
2134	12	-27
3622	5	89
2618	9	7
2135	9	-54
118	16	-14
2136	3	0
1634	10	76
2137	19	70
629	5	-99
3623	19	-81
3131	1	-48
4642	7	35
1635	7	-83
4119	19	-49
1123	9	48
119	16	-87
630	15	-92
120	16	75
1636	8	90
3624	11	-32
3132	3	-60
121	5	85
2138	7	74
631	12	94
632	11	16
1124	17	43
3133	19	13
2139	6	-21
4120	5	74
1125	13	-97
633	12	-19
3625	8	-62
122	8	-73
1126	6	-60
123	16	22
1637	17	46
2140	5	38
1127	13	-96
634	8	-35
2619	15	-58
124	7	-31
635	14	29
2620	3	26
1638	1	-11
3626	10	2
2141	1	-72
1128	18	54
2142	3	68
2143	2	21
2621	3	-70
4643	1	-69
3134	12	21
3135	15	55
2144	1	-4
3627	3	-19
2145	4	-32
1639	1	84
1129	13	75
2146	9	-79
4644	14	91
636	4	-55
2147	13	-35
4121	3	-43
1640	15	45
1130	16	-64
4645	7	12
1131	7	33
3136	9	39
637	3	35
4122	3	86
3137	8	9
1641	7	13
2148	12	-15
1642	19	32
2149	6	27
4123	12	60
638	4	39
4646	10	-37
125	16	75
2622	19	-74
2623	19	8
126	16	85
3138	17	88
4124	6	68
2150	18	10
1132	15	-4
1133	15	-68
127	14	89
4125	14	-51
1134	19	44
3139	7	82
2151	2	-89
128	16	25
3140	1	-16
639	17	-20
1643	7	7
3141	4	78
4126	19	-29
1135	2	-36
3142	18	-33
1136	2	-34
640	10	-19
2624	4	64
2152	13	-61
4127	3	-10
129	14	59
130	16	-84
131	3	52
2625	11	-74
3143	18	-89
641	19	2
132	16	-53
4128	4	-28
4647	18	-58
642	5	2
1644	8	-63
3628	12	88
643	15	35
3144	4	41
2153	6	14
644	9	79
133	16	-80
1645	7	8
4648	4	-78
2154	13	-62
1646	11	-83
1647	19	28
4129	15	97
1648	17	37
4649	5	-29
2155	12	-11
2626	3	23
3145	9	-26
3629	4	-94
134	16	-87
3146	5	-78
135	16	36
2627	5	61
3147	11	-6
4650	5	-1
1649	9	-26
645	13	91
1650	2	-75
1651	19	-55
1652	1	-86
4130	2	1
4131	3	95
646	5	100
647	8	-80
1653	18	-14
4651	8	-65
3630	10	23
3148	2	-53
4132	5	63
1654	19	-79
3631	13	-42
136	19	16
1655	7	2
4652	19	14
3149	11	-96
2628	14	22
1656	1	75
1657	3	-53
137	16	-28
648	1	9
138	16	23
1658	8	-47
1659	8	-84
1660	8	66
4653	10	-42
4133	10	96
4134	7	-98
3632	11	-74
1137	19	-19
1138	6	92
1139	13	-75
4135	6	-9
4136	19	-62
3633	10	-16
2156	4	93
139	15	-9
1661	1	-41
1140	1	-31
4654	12	54
3634	7	-51
649	8	-87
1662	9	75
1663	15	-67
3150	5	-15
1141	5	-18
2629	2	88
4137	6	91
650	4	54
1142	8	80
2157	4	5
4138	11	-2
2630	18	-84
140	16	85
1664	19	40
651	7	-81
3635	8	-51
3636	9	94
652	7	-82
3637	7	-50
4655	10	15
4656	15	-10
1665	19	30
653	10	-6
3151	7	-21
654	11	25
2631	14	27
2632	19	36
655	5	-45
2158	4	96
4139	3	-66
2633	12	64
3152	17	-20
4657	4	84
141	3	18
2159	1	-55
2634	1	-27
142	4	-49
143	16	-72
3153	18	4
2160	15	-67
144	16	-51
3154	19	92
4140	4	-42
4658	5	-10
4141	4	-12
3638	2	-64
4142	3	-81
3639	4	-77
1143	14	73
3640	8	39
4659	8	-11
3155	6	76
3641	12	37
2635	5	-32
3156	18	-60
3642	17	33
3643	9	-49
4143	11	-98
3157	9	96
656	2	-31
4660	9	91
1666	12	70
145	16	-81
2636	15	12
146	16	-21
3644	18	-95
4661	8	-50
3158	11	-10
2161	12	96
4144	18	-93
1667	17	35
147	16	55
3645	2	-67
3159	10	-76
3160	4	-31
657	8	-59
3646	10	44
2162	18	-76
3161	6	-11
1668	13	15
3647	5	-95
4145	17	81
658	13	20
148	16	-55
4662	5	69
2637	14	80
3162	6	26
2638	18	-6
3163	18	16
2639	7	19
149	7	39
3648	2	-24
150	11	-71
2640	1	-55
2163	6	17
2164	9	-95
3164	5	-34
2641	13	-12
1144	11	31
2642	5	-65
1145	9	94
1146	13	-54
1147	2	-40
2643	10	-84
1148	3	31
3165	7	66
3649	1	100
151	14	41
3166	5	-61
3650	11	-31
3167	19	-27
3168	17	-31
4146	8	-25
1149	12	76
2165	18	4
152	19	31
1669	7	33
153	16	-100
3169	7	98
1150	11	-19
2166	11	39
1151	9	-99
1152	3	-3
3170	4	-42
154	3	-55
2167	12	-37
1670	6	22
3171	14	20
2644	19	-94
2645	19	-43
2646	9	-42
4147	3	22
3651	8	-89
155	16	55
4663	12	-25
659	15	56
3172	11	-61
4664	6	43
3652	6	58
4148	4	39
1153	19	65
3653	18	85
156	16	27
2647	3	-96
1154	8	-11
1155	1	-94
4149	13	71
1156	10	-68
2648	16	-23
4150	10	92
1671	18	73
3654	19	-48
4151	17	-3
2168	14	-51
2169	11	-88
660	18	18
1157	13	94
3173	2	79
1158	18	58
1672	12	18
157	16	-4
1673	14	51
4665	8	74
2649	5	-4
1674	1	-88
3655	13	-58
1159	19	24
661	6	-8
1160	19	76
3656	12	-5
2170	18	70
3657	1	47
4152	7	61
158	16	13
2171	13	-51
4666	7	-66
2172	5	-24
1161	6	51
3174	13	88
662	19	-16
4153	6	-63
3175	10	-91
3658	4	-85
159	16	-57
4667	6	-9
160	16	51
663	5	27
2650	9	-33
161	16	20
2651	5	19
1162	3	-12
3176	1	-4
3177	7	-17
4668	12	-2
4154	3	-4
4669	14	69
4670	12	68
2652	1	4
3659	13	81
664	11	78
1163	18	-25
162	16	-2
665	19	98
4155	6	35
3660	12	96
4671	15	-83
1164	7	-67
4156	10	79
163	16	-40
2653	11	99
3661	6	84
3178	15	-15
3662	13	-91
666	10	-66
3663	8	-22
4672	1	-67
164	16	83
2173	4	-96
3179	12	39
2654	13	-34
4673	18	-74
3664	12	-40
3180	19	8
4674	9	-67
667	14	-23
1165	5	57
4157	12	3
668	2	-88
4158	6	-31
1675	11	36
669	3	-84
1166	11	96
3181	18	53
2655	9	-23
4159	19	19
2656	17	-64
2174	3	93
3665	7	-94
165	16	7
166	16	-77
2657	11	-84
3666	3	4
1676	4	-83
3667	15	61
167	7	-31
168	14	-37
670	1	25
2658	3	35
4160	5	49
2175	14	-39
4161	8	77
4162	8	27
1677	1	-63
3668	1	16
671	14	41
672	12	16
3182	13	18
169	16	48
4163	13	90
170	16	73
673	3	-10
171	16	32
3669	8	33
172	3	39
4675	19	52
1167	8	11
2176	18	83
2659	1	81
3183	6	21
2660	19	30
2177	6	-3
2661	9	-76
674	10	68
1678	11	-76
4164	13	-72
1168	9	-79
4165	6	-58
4676	7	-76
675	9	-54
2662	18	94
4677	6	-31
2663	11	42
4166	11	-31
1169	7	-38
1679	8	40
1170	15	-65
3184	7	-100
2178	7	-91
4167	7	41
2664	14	-78
2179	13	57
2180	17	-25
676	18	97
2181	8	92
2182	1	52
1171	8	-39
677	11	-17
4168	11	85
3670	1	-22
678	12	-76
4678	11	-10
4169	7	-73
3185	2	-35
4170	13	-88
3671	4	-46
1172	3	-91
3672	1	-2
3186	14	-32
679	18	-9
4679	17	-100
2183	4	-25
2184	14	41
4680	5	79
1173	8	76
173	16	-38
3187	6	-79
1680	18	2
3188	4	-43
1681	19	-55
1682	14	-17
680	5	36
2185	7	3
2665	14	-45
4681	15	98
174	16	72
2186	14	-6
175	16	81
1683	14	-22
1174	5	35
1175	18	-82
4171	10	-58
176	5	80
177	6	39
4172	9	85
1684	12	33
178	16	76
2187	7	90
3673	5	-5
179	16	-5
1176	17	-48
4682	15	97
3189	14	43
3190	5	49
4173	13	32
4683	8	-27
4684	3	6
1685	11	-50
2666	19	70
2188	2	-80
2667	1	41
3191	6	86
2189	3	-73
1177	15	-36
1178	1	-65
1686	7	-15
3674	6	-67
681	5	69
2190	12	-38
4685	6	4
2191	4	-82
4686	15	44
2192	3	86
682	14	-70
2193	18	-59
683	18	10
3192	13	-70
3193	11	-90
1179	9	-71
2194	5	59
1687	3	69
4174	2	-90
1180	6	29
1181	2	-3
2668	19	60
1182	8	-29
3675	12	77
3676	8	-84
2669	11	56
1183	14	-11
180	16	19
3194	12	58
181	16	13
4687	13	66
3195	3	-79
2670	17	86
1688	14	-76
2195	9	-67
3677	8	-6
182	19	77
3678	9	78
3679	1	61
3680	4	-34
3681	9	42
3682	5	-56
3683	12	-98
4175	11	2
1689	11	-8
2671	9	63
1184	4	48
3196	6	98
684	3	-12
3684	3	-90
3197	2	-23
183	14	-8
4176	10	55
3198	10	77
685	4	21
3199	5	-83
3685	13	46
2196	11	-8
4688	2	26
1690	14	58
3200	14	15
4689	5	23
3686	2	59
1185	6	36
2197	5	49
4690	11	-43
3687	10	-71
1691	9	-73
2672	5	30
2198	14	-88
184	16	4
4691	14	-33
185	16	83
4177	4	64
1692	15	84
4178	9	70
2673	11	-74
3201	1	-3
186	16	-52
1693	6	-85
3688	1	-1
3202	7	28
4692	11	62
2674	13	-79
2675	11	70
1186	3	-71
4693	2	-48
4179	5	25
1187	9	78
1188	15	4
4180	11	65
4181	2	-80
3689	6	50
4694	7	79
4182	10	14
3203	9	75
4183	4	-55
686	9	26
187	16	67
1189	11	54
4695	16	84
1694	1	33
188	16	-27
687	19	97
4184	19	-20
3690	15	-26
189	5	-91
2676	2	13
688	2	81
1695	2	78
1696	5	-22
1697	17	99
1190	15	-30
3691	10	67
2677	6	-22
2199	19	22
190	16	-38
1191	15	-48
2200	15	-40
4696	14	79
1192	7	87
2678	10	-67
1698	12	-71
2679	13	-46
4185	1	-29
4697	9	-39
1193	4	-26
1194	18	-88
2680	6	48
689	11	-86
3692	11	-55
3204	3	17
1195	8	1
191	6	92
690	3	-78
4186	8	-8
4698	2	-19
3205	3	0
4699	9	76
2681	3	-100
691	14	59
3693	10	74
2682	19	-80
692	4	-20
4700	1	15
693	8	-12
1196	10	-48
2201	11	-29
192	16	6
694	8	-70
695	3	-29
2683	2	-38
2202	15	-41
3694	12	-84
1197	8	23
3695	9	40
4701	18	-62
696	12	-48
4187	6	-95
1198	10	-90
4702	2	-74
697	17	9
4188	3	15
193	14	-71
1199	18	64
2203	15	-3
4189	9	98
3206	5	-33
3696	15	-78
4703	2	62
2204	6	-93
3697	5	36
698	5	-28
4190	14	80
4191	17	63
194	16	32
3207	6	14
3208	8	85
2684	13	-22
3698	2	92
1200	18	90
1699	2	22
3209	15	47
1700	16	42
699	13	-9
700	3	-11
1201	12	96
195	1	-2
196	16	-6
4192	10	75
2685	2	44
4704	18	53
701	8	-27
2205	18	-18
2206	11	-49
3210	2	-58
4705	10	-9
2686	14	-21
3211	3	60
4193	9	-32
4706	8	-41
197	16	-12
198	7	41
4194	10	-49
2207	15	16
2687	1	61
4195	18	60
4196	2	-21
702	11	68
1701	5	31
3699	10	25
2688	12	84
1202	5	-61
4707	11	43
703	5	98
4708	3	-5
3212	13	-90
1203	7	-13
199	16	-28
704	19	74
1204	14	-91
2689	15	52
4709	14	-74
200	14	30
1205	18	-13
4710	14	25
2690	3	88
4711	15	-55
3213	15	40
705	1	38
4197	18	-28
2208	11	-57
2691	14	-30
1702	14	96
2209	10	22
201	16	80
2210	18	-40
4712	3	95
4713	14	17
2692	9	77
706	9	58
2693	10	-99
1703	17	-17
1206	12	-94
3700	6	-53
707	14	23
4198	10	-66
2211	18	-31
3214	19	-65
202	5	-88
4714	12	81
2212	13	-55
1704	9	-24
203	16	8
1207	15	90
2694	2	72
2695	4	8
4199	19	-13
3701	7	52
1208	5	56
1209	10	53
4200	13	45
708	16	94
709	5	94
1210	4	64
4715	8	-24
3215	19	-41
2696	13	29
2697	12	23
1705	18	28
3216	7	-79
204	16	-96
3217	14	-76
3218	12	61
3219	13	-45
3220	12	23
3702	14	-66
3703	4	-57
1211	3	11
3704	6	67
710	1	68
1212	13	100
711	12	52
712	10	49
3221	10	58
3222	13	58
713	5	93
205	16	64
206	16	-39
207	16	99
3223	9	-12
4201	7	-32
3705	17	75
2213	1	-71
3224	13	10
1706	5	12
3225	19	85
2698	9	-49
208	16	-90
2699	9	-25
714	4	48
715	3	-92
209	16	-75
4202	2	89
4203	18	-55
1213	2	-78
4716	11	50
4204	3	60
1214	13	81
1707	15	10
4717	19	35
3706	6	-27
3226	19	100
210	5	-70
3227	19	54
4205	19	-82
211	16	-7
212	16	-22
213	16	64
3707	9	56
1215	13	26
3708	19	39
4206	2	-80
2214	6	40
716	19	16
3228	3	-66
2700	11	98
1216	16	74
3709	10	-97
4718	6	-19
4719	5	-14
214	16	-61
4207	19	91
215	16	56
4208	3	-32
3710	13	71
1217	5	-87
1218	3	46
4209	15	-30
216	11	-94
1708	7	25
4720	5	97
717	10	89
2701	15	67
1709	14	74
3229	1	-1
3230	3	-43
4210	4	83
718	14	40
2702	14	-57
719	19	24
2703	11	-71
217	16	98
1219	11	33
1220	14	62
2704	3	-20
218	16	92
4721	18	78
1710	18	91
1711	9	-18
720	17	-97
4211	12	-65
721	19	6
2215	9	-69
3231	9	-57
4212	9	-80
2705	8	100
4722	4	85
4723	15	74
2216	15	-77
2706	14	-75
1712	14	74
3232	12	90
1713	18	-75
4724	6	11
219	13	8
4725	9	51
4213	5	0
4214	3	88
4726	14	18
4727	19	-37
220	6	-39
4215	2	74
3233	1	-15
2217	3	-85
221	13	98
3234	8	-42
1221	15	10
3235	12	-61
1222	6	52
4728	14	24
222	16	89
1714	8	46
2218	10	-39
1223	14	94
1715	7	81
1716	10	-36
2707	19	-89
722	14	-79
4216	15	7
2708	9	87
2219	11	17
3236	3	30
1224	14	82
4217	8	-85
4729	5	-93
4218	12	-2
723	6	-88
223	16	35
4219	2	62
2220	8	-36
1225	7	-66
1717	13	-73
4730	6	-60
2709	14	97
1226	6	78
3237	13	-85
4731	6	5
4732	9	61
4220	10	-88
4733	14	36
4221	12	73
724	17	98
3711	17	-25
3238	14	64
725	11	-13
4734	6	83
2221	11	61
4222	13	51
1227	4	48
2710	5	24
4223	15	40
3712	1	-81
4735	15	-76
3239	13	-51
2222	15	-61
4736	8	-56
1718	9	-97
2711	4	-82
3240	13	4
224	3	58
3241	11	-28
4737	3	17
225	16	-45
1719	14	-87
1720	8	-22
2712	3	43
2713	16	72
726	6	-8
727	16	24
728	1	-86
3242	9	54
2223	15	84
4738	9	11
3713	12	55
2714	5	96
1228	15	53
3714	15	41
2224	5	-85
2715	19	-73
2225	2	-89
4739	4	-68
4224	8	88
1229	1	100
2226	12	17
2716	17	13
1721	19	17
1230	7	100
2717	19	34
729	17	-65
2718	13	2
1722	10	-77
1231	3	-65
4225	17	-70
226	16	-7
3243	11	32
3715	9	98
1232	4	58
2227	11	93
2719	15	76
4226	8	-71
1233	1	-10
1723	13	10
730	19	-58
3244	1	-65
1724	3	22
2720	12	74
3716	14	43
227	16	94
4227	10	-50
731	3	-1
3717	18	-92
732	2	74
228	19	-18
2228	13	-47
1725	12	-67
1234	16	16
733	19	29
734	9	-1
735	18	41
4740	6	-93
229	19	-57
2229	18	-14
230	16	12
1235	19	30
1236	14	-57
4228	1	-74
736	15	-27
3718	19	89
1237	19	-12
2230	1	96
2721	4	-13
3719	12	99
1726	7	-4
3245	19	76
231	5	-70
4229	4	41
3720	8	-84
3721	5	-51
1238	11	-43
2231	3	89
3246	7	91
3722	18	44
3247	1	-10
4230	19	75
3723	3	-93
2722	8	35
3724	10	69
737	6	16
1239	1	94
1240	6	-74
738	6	-79
4741	19	95
739	6	-99
2232	8	33
232	9	-11
740	18	-57
1727	8	22
2233	19	1
2723	14	48
1728	18	74
4742	15	65
3725	10	40
4231	14	80
1729	4	40
1730	3	76
2234	12	20
741	3	-6
2235	1	-60
3248	10	7
3249	10	6
1731	8	44
3726	7	81
233	4	-80
742	10	62
4743	14	-65
4232	19	14
4744	15	-46
2724	13	-74
1732	12	57
1733	1	-88
3727	13	31
2725	11	62
4233	14	-14
3728	3	41
2236	14	-74
743	13	51
234	2	53
1734	3	-97
1241	5	27
4234	8	-53
1242	7	67
3250	6	-57
2726	9	-61
4745	4	-9
2237	3	-98
1735	5	97
3251	3	94
2238	18	87
2727	13	72
4235	13	63
3252	4	-46
3729	15	-85
1736	10	-70
4236	10	-66
3253	7	7
3254	4	64
3730	7	-87
3255	4	-54
3731	15	-56
4746	8	-14
2728	5	-12
2729	13	21
744	5	2
1243	10	49
1244	5	-80
3732	11	32
2239	4	70
235	16	-84
2730	8	20
745	3	-51
236	16	37
4747	3	96
3733	15	26
746	2	34
747	14	54
1245	2	95
4237	4	-11
748	11	35
4238	15	-47
1246	5	30
749	3	50
750	15	81
4748	11	21
1247	1	-24
2731	7	43
2240	18	-33
2732	1	98
4749	6	-29
4239	5	55
1737	9	-57
751	10	38
1738	17	-98
752	1	-13
237	16	-9
4750	6	90
2733	1	-51
753	5	-87
238	11	-3
2734	6	-91
1739	8	-17
1248	18	11
239	4	-43
240	14	100
754	1	-18
3734	19	-40
2241	14	-82
4751	18	-70
3735	3	-27
1249	4	62
1740	12	-39
3736	3	26
2242	15	95
241	9	-46
2243	7	8
4752	8	15
3737	11	-90
242	16	-53
1250	1	-97
2244	7	-94
3738	1	-74
4240	5	-48
4753	13	-30
4241	15	-33
4754	1	-70
1251	2	4
3256	18	-37
4242	19	-56
243	18	-19
4243	6	-36
2245	7	-56
244	16	61
1252	5	83
1741	13	82
4244	15	-46
1253	4	-4
755	1	43
3257	10	33
4755	4	69
2246	19	14
3739	18	-85
4756	17	-91
3258	7	28
756	17	65
1254	9	-41
3259	3	0
1742	12	-94
1255	8	93
245	16	-92
1256	4	-35
1743	2	-74
4245	8	-8
246	16	44
3260	16	78
3740	19	36
1257	15	-7
2735	15	71
2736	7	35
3261	3	49
3262	17	-100
4757	8	37
1744	11	76
4758	19	-73
2247	3	-32
247	16	-94
2248	3	32
4246	13	60
4247	3	-72
3263	13	93
248	5	19
4759	3	14
249	16	-66
3264	15	-82
250	14	-47
3741	17	-1
251	16	-74
757	11	-62
252	16	-58
2249	12	55
2737	5	-42
253	16	14
4248	5	13
1258	11	-3
3742	4	-92
3743	3	-86
1745	2	-77
3265	7	-34
4249	7	65
254	16	-56
4250	3	-42
2250	5	-4
758	3	-20
759	15	-70
3744	14	39
2251	16	81
1259	11	51
1260	6	-36
4251	10	74
4760	2	56
2738	9	-22
2739	18	33
3745	10	-47
4761	7	-52
4252	4	-77
4253	13	-6
1261	6	81
2252	5	-77
3266	5	-99
760	10	-13
1746	11	-72
761	6	27
1262	12	-77
4762	4	-51
4763	8	2
1747	7	-55
1748	9	-4
1749	18	-89
3267	17	49
3268	8	-50
2253	12	-30
2740	10	56
3269	3	67
762	9	27
3746	14	74
3270	13	17
1263	6	-82
1750	13	-71
3271	6	90
4764	4	-64
763	14	91
764	11	-44
1751	14	56
1264	7	-12
3272	14	-70
2254	19	-21
4765	3	3
765	6	75
2255	19	-93
3747	12	58
4766	6	-56
3748	1	-7
2741	10	-57
2256	3	-65
1752	1	-63
255	16	45
2257	7	30
766	18	12
4254	1	-91
4767	9	-54
4768	12	-100
4255	7	-78
2258	2	-33
3749	18	-100
2259	15	26
767	13	53
1753	12	44
2260	7	37
256	16	-49
3273	3	-88
1754	8	82
4256	3	-61
1755	9	73
768	2	-24
2261	6	33
769	7	80
1756	2	-30
3750	10	29
1265	18	-8
2262	11	-60
1757	5	16
1266	16	44
4769	12	-27
3274	18	-15
4257	19	3
3751	19	81
1758	2	-71
1267	7	77
3752	3	-82
4770	4	85
1759	3	-40
2263	11	-20
1760	17	5
770	14	35
1761	15	94
4771	12	46
4258	7	63
2742	5	-82
4772	12	-89
4259	12	39
3275	19	77
1268	18	72
771	1	-11
257	5	32
1269	15	52
4773	3	50
4260	3	-20
3753	19	97
4774	1	4
1762	4	-89
1763	8	-100
1764	14	51
2743	11	67
772	7	70
1765	7	-50
2264	18	-68
3754	4	26
258	16	38
1766	17	-21
773	5	41
3276	1	0
3277	12	85
774	12	-14
3755	15	-19
1270	8	-17
4261	3	-68
3756	13	-30
3757	19	-94
1767	1	45
3758	16	-74
1271	9	50
1768	11	87
3278	15	27
1769	5	-43
259	9	-96
775	14	-74
260	14	-74
3279	7	-67
4262	12	59
261	16	97
1272	11	-46
3280	8	-91
1770	11	-95
262	16	30
2265	8	1
1273	4	-100
2744	4	-12
1274	17	-36
3281	4	84
1275	12	93
3759	11	-32
3282	7	87
3760	15	-48
776	4	72
3283	7	-47
1771	8	-59
2745	16	-4
2746	11	-55
4775	17	-74
263	16	17
1772	1	-73
1276	13	7
1773	14	47
1774	5	-38
264	16	60
3284	1	-98
4263	8	93
265	16	68
1775	11	-53
4776	3	3
266	16	63
1277	10	51
1278	7	-57
777	7	12
1279	12	-27
1280	11	69
778	19	24
267	16	56
779	6	82
2747	6	-23
2266	2	-30
4264	8	-100
1281	18	57
4265	3	-39
1776	6	-51
3285	13	-74
268	16	46
269	16	55
270	16	-75
2748	3	82
271	16	36
2749	17	87
272	5	20
1282	11	-32
4266	19	90
4267	1	-68
2267	4	99
3761	6	94
1283	13	-89
2268	6	19
3762	5	63
3286	18	78
2750	19	86
4268	5	3
2269	18	-68
780	9	-8
3287	12	19
4777	12	-57
781	9	-42
4269	12	-38
3288	11	47
3289	18	22
3763	10	-11
1284	9	-17
1777	5	79
2270	15	71
2751	15	0
4270	11	-22
2271	7	-64
1285	10	11
2272	6	-23
4778	13	21
4779	7	-99
273	16	82
3764	18	26
4271	10	-36
782	10	-93
783	5	93
2273	2	-95
4780	2	34
3765	11	-10
2752	1	-66
2753	14	-50
1286	11	73
2754	18	-88
3766	17	-70
3290	5	7
1778	13	58
3291	18	-37
3292	15	80
4781	1	15
274	16	50
3293	11	100
275	5	-50
1287	16	4
3294	14	-69
784	13	75
4782	18	-19
785	14	-37
1288	18	-35
2755	6	-100
2756	5	-42
276	15	-14
277	16	36
3767	5	-39
278	16	-85
1779	15	51
4272	4	-7
279	17	74
4273	14	69
4274	18	15
3768	11	18
4783	12	98
1780	13	80
1781	1	68
3295	1	-36
2757	4	-78
280	16	37
3296	4	3
2274	14	7
2758	9	-75
4784	13	2
1782	2	74
2759	11	54
2760	17	-71
1289	7	2
4275	1	90
1290	6	8
786	10	39
3297	12	0
4276	10	9
2761	7	-50
3298	10	-24
787	9	-81
2275	9	38
1783	14	72
4785	4	-50
1291	4	-6
1292	13	-32
1784	3	59
1785	2	77
4277	14	-25
2762	16	65
788	8	63
1786	18	80
4786	8	-78
3299	3	-48
281	16	54
789	4	53
3300	12	57
1787	10	57
2763	11	60
3769	7	5
1293	1	33
2276	10	29
2764	4	79
1294	15	-4
3770	2	-10
4278	4	-92
3771	12	95
1788	6	98
1295	14	-78
282	13	-65
1296	5	65
3301	19	-66
3302	2	-53
3772	13	-53
3303	6	-16
2765	4	28
4279	8	6
3304	1	86
3305	5	40
4280	11	85
2766	8	-14
1789	12	-64
283	16	48
4787	12	-52
3306	17	52
4281	4	-14
284	16	-37
1297	3	-39
4282	15	25
1790	4	12
4283	3	5
1298	3	-1
4788	4	-97
4284	1	-86
2277	13	21
1299	12	12
4285	4	63
4286	1	13
3307	9	-30
3308	5	-91
4789	10	77
4790	17	76
2278	17	7
1300	4	-26
2767	1	-79
790	1	-66
2279	13	-31
3309	13	12
2768	7	-72
2280	3	-20
3310	5	-39
3311	11	-92
3773	4	17
1791	6	-26
791	6	16
3774	17	-48
1792	11	0
4287	10	-78
792	15	-22
1793	10	-79
1301	9	82
4288	10	91
3312	12	-13
1302	8	39
4289	4	-3
3313	17	44
793	12	-94
2281	4	-57
794	15	60
2769	13	-31
1303	15	26
1304	7	91
3775	18	75
4290	10	42
3776	18	-97
2770	15	-44
3314	7	-38
795	8	43
1305	19	-41
2771	19	58
1794	13	0
1306	1	-95
4791	7	7
4792	14	-51
1307	3	-2
2772	7	11
3315	13	19
3316	6	-76
2773	4	34
2774	6	59
4793	5	59
1795	6	30
1308	7	1
3777	8	25
3317	8	89
4794	12	45
3318	15	4
1309	6	32
796	2	-17
4795	8	32
4796	19	-92
1310	1	59
3319	1	63
4291	2	-19
2775	8	40
2776	5	-26
1311	15	93
4797	12	81
2282	9	0
4292	9	-82
285	16	-94
1796	15	-79
3320	2	56
4293	6	40
4294	11	-18
3778	14	53
2777	7	70
1312	11	63
1313	8	-17
1314	14	65
286	16	46
2283	7	-33
2778	3	-4
797	11	48
287	16	-100
798	12	9
799	2	76
2284	13	5
1797	18	46
1315	4	-13
4295	12	48
3779	11	45
288	16	-100
4798	3	-49
289	16	62
800	9	-19
3780	10	75
290	19	-56
1316	14	4
4799	7	63
4296	15	-53
3781	7	71
2285	12	61
3782	3	87
291	16	47
292	2	64
3783	7	-93
801	5	83
2286	11	89
1317	14	29
1798	17	-57
1318	11	-72
3784	3	89
2287	11	95
293	6	58
294	16	69
295	16	-54
2288	9	-11
2289	5	50
2290	6	80
2779	13	-53
4297	14	-41
3785	3	83
2291	5	83
4298	7	35
2292	17	36
3786	11	-27
1319	2	5
1320	8	69
1799	12	33
4800	11	-32
802	14	-89
1321	2	-52
3321	8	-51
1322	19	41
2780	12	-27
2293	10	54
4801	13	-63
1800	11	-39
1323	5	58
1324	5	-17
3322	15	10
4299	6	97
3787	14	93
3788	2	38
2294	7	-77
3323	14	91
1801	2	-19
3789	17	-48
803	5	66
1802	11	-99
1803	4	57
3790	18	-57
4802	9	-87
4803	14	-6
804	14	6
296	16	15
2781	19	-91
297	16	-34
298	16	-77
3791	9	-68
3792	1	15
805	14	-30
299	14	-68
4804	14	42
2782	1	-96
4300	7	25
3324	17	-12
2783	19	57
3793	18	-69
2784	12	18
4805	19	-88
1325	18	86
3325	6	57
3794	5	89
1804	5	100
4301	12	91
2295	6	-18
806	19	-93
2785	3	86
2786	1	41
4806	13	-6
1805	7	-32
2787	8	16
1326	13	-25
4807	17	-53
4808	12	-46
1806	12	93
3326	7	-100
1807	5	-94
2296	13	-74
2297	13	20
2788	18	65
300	16	55
3327	10	-1
1327	14	25
1808	6	99
1328	10	-72
4302	17	-88
3328	2	81
807	10	51
1329	9	-33
4809	7	-43
1809	13	19
2789	3	-58
1330	3	20
301	18	43
2790	10	65
4810	3	-42
302	16	89
1810	8	90
808	6	-64
4303	8	16
3329	15	-45
4811	3	16
3795	2	-51
3796	8	-84
4812	8	-43
1811	19	-55
303	16	52
4813	9	26
1331	3	-83
809	19	18
3330	19	89
2298	15	41
3797	17	32
1812	3	86
810	9	-65
2791	9	95
2792	6	-33
4304	2	94
811	8	8
812	11	-85
304	7	98
2793	9	38
2794	8	-16
4814	19	-35
3331	14	-88
4305	9	-74
305	1	53
2299	5	-55
2795	6	88
813	12	-50
4815	19	-41
3798	15	-3
1813	13	-85
1814	19	-70
4816	19	7
814	14	-26
1815	9	-51
2796	10	-9
4817	1	13
1816	6	39
2300	8	85
2301	3	29
815	3	-77
2797	13	-53
1332	4	22
2302	10	37
4818	9	61
2798	3	79
1333	6	-49
1817	19	-83
3332	1	-31
2799	2	-8
3333	2	-79
1334	12	86
3334	12	-99
4819	11	-54
816	6	-4
1818	8	-52
4820	11	8
3335	2	27
2303	12	-29
4821	5	69
817	18	17
3799	6	30
1819	18	73
4306	14	-54
1820	11	-59
4822	2	97
306	16	-88
1335	1	5
307	16	14
1336	1	57
1337	1	36
3336	12	80
3337	5	58
3800	13	-83
2304	6	96
2305	10	-3
1821	9	-82
4823	11	48
4824	1	-20
4307	19	-16
4308	18	-35
4825	1	-34
308	16	-62
818	9	-99
3801	3	-33
3338	19	38
3802	7	-54
2306	6	52
3339	4	-41
4309	9	34
3803	4	-95
4826	3	9
819	12	-62
3340	11	-45
1822	15	10
4310	3	78
3804	1	-68
1823	10	-16
2800	13	-63
309	16	65
1824	3	25
820	8	10
2801	17	-64
2307	18	72
2802	7	-55
3805	3	64
1338	14	-7
821	10	-73
1825	1	95
822	6	50
1339	13	3
2803	8	-28
4827	7	-4
1826	5	74
823	14	85
4311	3	43
3806	9	34
1827	5	-78
3807	18	-17
4312	10	42
310	16	84
2804	12	-96
4313	5	88
311	16	-3
312	16	29
3341	1	-14
3808	14	5
2308	9	71
3342	19	51
313	14	93
2805	14	6
4314	6	78
4315	7	-11
1340	8	-92
314	4	16
2309	19	73
1828	10	48
4828	6	-31
315	5	-86
824	1	53
4829	2	-72
825	5	-15
4830	12	-41
4831	15	-18
2806	8	13
2807	4	-88
3809	10	98
2808	5	68
2809	18	81
2810	18	68
2811	9	70
316	16	-58
317	16	44
4316	9	-29
4317	10	-75
3810	14	74
1341	4	64
3811	9	-27
3812	14	-20
1342	9	-70
3813	15	-2
4318	16	-52
4832	6	-72
3814	12	60
1343	12	54
2812	18	71
318	5	-87
319	11	46
1829	5	81
2310	3	14
2311	14	71
3815	4	-21
2312	14	-47
4833	19	-50
2813	1	-65
3343	8	-27
1830	9	82
3816	3	100
1344	3	-63
320	15	0
3344	5	-12
2313	4	70
3345	18	-56
3817	11	-13
4319	15	79
3818	7	62
2314	14	55
826	9	59
321	16	-91
322	10	76
2315	12	-91
2814	10	-53
827	4	75
828	16	-82
1831	3	37
4834	18	77
1832	9	83
3346	13	93
4320	9	-16
3347	19	-7
2316	3	66
4835	9	-27
4836	17	24
1833	18	-9
1834	8	77
2317	18	-99
323	16	-2
829	7	59
830	7	-67
2815	5	20
3819	12	90
3820	10	90
1835	3	44
2318	10	12
4837	8	-57
1836	11	-23
3348	3	9
4321	14	89
3349	19	-28
3350	4	-82
2319	10	13
4838	12	-89
1837	14	-34
831	7	-66
4322	9	65
2816	14	-91
1838	4	82
2817	1	57
1839	14	-44
4839	3	-91
2818	13	18
4840	19	-96
4841	7	-43
3351	1	-54
3352	1	-85
2819	11	-13
3353	4	66
4323	14	-87
2320	12	-78
324	16	-16
1840	6	-41
325	16	57
4842	12	71
2820	18	46
832	6	7
833	4	-40
326	14	-23
1841	19	-100
1842	8	-59
3354	18	-69
2821	2	67
1843	4	96
4324	4	-20
2321	9	77
4325	18	-32
3821	13	19
4326	10	67
327	8	-83
2822	13	-10
4327	10	-41
2823	15	-9
4843	10	7
1844	19	29
4328	14	-31
4329	7	72
3822	11	23
2824	14	69
4844	3	-54
2322	5	91
1345	6	63
4845	3	68
834	13	7
1845	15	-34
1346	5	-16
3823	7	-59
1846	5	-41
4846	11	59
2323	4	-17
3824	11	33
1847	10	-85
3825	2	-84
4847	10	53
4330	8	51
1347	7	60
2825	13	62
1348	6	-49
328	14	94
1848	12	-9
1349	7	-69
2826	4	-7
1350	2	-6
2827	12	-4
835	11	-5
4848	18	-10
1351	8	-32
2828	7	-59
2324	3	-93
2325	4	57
3355	12	-92
836	14	63
329	16	70
330	16	-36
3356	4	-15
837	11	1
2829	4	-47
1352	9	38
4849	4	-35
4850	6	100
331	8	73
4331	10	88
2830	6	92
2831	4	-10
838	3	86
4332	13	88
3826	9	-2
839	15	94
3827	12	56
1353	14	-62
3357	18	19
840	13	97
2326	11	0
1354	11	-56
3828	12	-70
3358	3	-25
2832	1	62
1849	4	89
2833	6	96
2327	12	68
3829	3	52
2328	1	15
332	16	-98
4851	4	40
2834	11	67
841	15	81
3830	2	-35
1850	18	55
1355	8	-17
2835	13	33
4333	11	29
4852	12	-7
3359	8	15
4853	13	-94
1851	9	-28
2836	19	56
842	19	76
3831	3	94
4334	7	-34
4854	12	-88
3832	9	-58
3833	18	73
3360	5	-43
333	16	-1
2329	11	-19
4335	1	-27
4855	4	3
334	16	0
335	1	-6
336	16	41
2330	13	92
337	16	61
4336	2	27
3361	3	-9
2331	15	-36
843	14	-60
338	16	-49
1356	4	58
4856	11	-79
4337	19	42
339	13	60
340	16	94
1852	18	69
844	8	99
2837	18	55
341	14	69
3362	13	-67
4338	19	12
2332	4	46
1853	8	43
2333	9	84
2334	17	97
2335	11	-56
3834	9	-38
3835	4	37
4339	8	68
2336	9	95
1854	18	-96
845	16	58
4857	6	-25
342	16	-82
4858	5	-67
3836	1	-96
2838	2	37
4340	18	-83
343	16	-11
1357	7	-42
4859	13	-3
2839	13	-5
4341	5	0
4342	9	20
2840	18	1
4860	13	23
1358	11	-4
2337	3	67
846	7	57
1855	9	-7
3363	17	0
1856	2	87
2338	6	43
2339	17	-2
847	11	24
2841	5	-84
1359	1	54
2340	6	83
848	10	25
344	16	62
2341	12	23
849	4	-89
850	4	-100
4861	3	-9
4343	8	-23
2342	11	9
2343	4	96
2344	6	-9
2842	12	44
3837	6	79
2843	4	50
1857	17	92
345	16	27
2345	7	-14
346	12	96
1858	10	-37
2346	1	52
2844	4	-50
1859	9	-95
4344	14	-2
3364	18	-20
1360	6	96
347	16	-59
851	11	-91
4345	19	-11
348	12	-11
4346	15	28
1361	1	-87
3838	15	9
1362	9	98
2347	19	87
2845	12	73
2846	15	17
3839	6	-77
4347	3	73
1860	3	93
1861	15	21
4348	10	-84
3365	15	18
3366	17	-88
1862	8	-66
349	16	-58
4862	4	1
2348	3	47
852	19	-27
1863	19	26
3367	19	-54
3840	17	-53
350	9	-55
2349	1	57
3841	9	26
3842	17	-97
4863	7	-49
2350	17	-59
1363	14	-81
2351	3	20
2352	1	60
1864	9	83
2353	7	72
3368	6	62
4864	2	17
351	9	-19
2354	19	-2
1865	14	-70
2355	15	-50
352	16	92
2847	12	91
853	12	-44
4865	14	59
2848	4	83
2356	8	-61
2849	5	77
4866	2	0
2357	4	-33
1364	4	16
4867	8	-84
2850	12	-87
2358	4	-85
3843	14	73
4349	7	42
4868	15	-31
3844	6	42
3369	4	48
1365	19	74
2359	9	83
3370	9	0
3371	12	-9
3845	15	-87
4869	12	83
3846	7	30
4350	4	-31
353	16	-58
854	10	-47
1366	4	-14
354	16	-1
4870	6	77
855	12	53
3372	2	38
4351	1	34
355	16	-16
3847	14	0
3373	2	-63
1367	18	61
2360	10	49
356	10	-45
4352	7	42
357	16	-91
1368	12	31
856	14	-66
3374	7	-33
4353	6	91
1369	14	99
1866	4	56
857	16	69
1370	18	57
4871	7	34
1371	5	-99
1372	7	-86
3848	10	-2
3849	8	-6
2851	6	3
1373	7	44
1374	12	86
4354	15	-60
1375	11	42
1376	12	-55
3850	8	-36
1867	5	57
858	2	70
3851	13	-16
2361	3	16
358	16	89
4872	6	73
1868	9	32
2362	4	-62
4355	4	-98
1869	10	-93
2852	8	75
2363	5	-50
1870	19	-48
1871	6	87
359	11	-99
4873	17	73
3852	11	50
1872	9	-100
4356	3	-51
2364	18	-8
1377	10	33
3375	5	30
360	16	10
4357	10	48
859	4	-92
361	4	-2
1873	1	86
2853	18	26
3853	6	9
3854	1	-61
3855	6	-24
4874	9	16
4358	12	30
3856	3	-96
4359	13	-38
2365	7	65
1874	12	37
2366	15	-7
1875	2	1
4360	11	-2
4361	13	-97
3376	9	65
3377	10	22
1876	6	-80
3857	3	-67
362	11	56
4362	1	96
860	18	-94
1877	6	3
363	16	-38
364	9	-37
3378	5	32
1878	5	13
2367	19	-70
861	2	-61
3858	4	-95
4363	19	84
3379	5	-81
2368	18	40
365	5	90
4364	4	-69
1378	10	-5
3859	13	10
3380	6	-30
862	7	-16
863	13	-44
3381	15	78
864	3	-13
3860	3	61
4875	7	-59
3861	6	-62
1379	5	48
1380	14	-65
2369	9	16
3382	5	-81
2370	14	-13
1879	14	-76
4365	9	-26
4876	8	-1
2371	9	100
4366	3	97
1381	1	-45
3862	2	69
1382	4	-20
366	17	76
1383	6	-23
3863	4	-37
3864	5	-65
865	5	-82
367	5	62
2854	4	34
1880	3	81
2372	5	74
866	5	2
1384	11	-95
1881	7	-74
867	2	60
4877	11	0
4878	6	-41
3865	6	-82
368	14	27
4879	5	-2
868	18	-42
869	15	-64
2855	13	84
870	10	23
3866	4	28
871	4	39
3867	3	-79
1882	1	76
4880	13	-78
1883	19	0
369	11	27
1385	1	69
2856	15	-74
3868	8	42
2857	19	70
1386	5	25
872	11	56
3869	14	-58
4367	17	29
4881	5	-16
370	16	85
3870	1	21
1387	11	-100
2858	5	-61
2373	12	96
2374	17	60
3383	6	-6
4368	14	-13
2859	15	85
3871	7	38
873	15	-58
4369	12	-79
3872	5	26
2375	11	79
4882	3	-3
2860	9	57
3873	3	45
2376	3	40
4883	18	51
1884	11	95
3874	13	5
1885	14	-4
371	1	-10
4884	3	-30
4370	2	73
2377	5	100
3875	8	75
3384	12	51
4371	11	-13
372	14	-73
874	2	64
875	17	-43
1388	3	-50
2861	15	-7
1389	13	-33
373	16	-55
4372	6	48
3876	6	-31
876	12	-94
2862	12	-19
877	5	11
4373	2	15
4374	11	72
4885	11	-40
374	16	-41
4886	15	-63
2863	11	-52
1390	17	-61
3877	1	0
2864	4	-46
1391	6	-93
375	16	-95
4887	10	-59
1392	6	27
1393	19	-50
4375	5	73
4888	13	-7
878	11	-73
879	18	89
3878	4	-74
2865	7	-8
4889	2	-13
376	16	-90
2866	14	-27
4890	13	-9
4376	5	41
4891	11	-59
377	16	-24
3385	8	57
3879	9	-42
378	16	-43
1886	8	-66
1394	15	86
379	16	-44
2867	10	-95
2378	3	-4
880	19	-43
380	1	88
881	10	-65
4892	4	-92
3386	12	-11
1887	2	27
381	16	-27
2379	1	54
3387	8	38
2868	9	-69
2380	12	21
2869	6	93
4893	5	71
4894	7	-62
882	12	42
2870	16	-23
2381	1	18
4895	19	-24
4896	18	19
1888	19	-52
382	16	-13
4897	19	-93
883	11	-100
2382	7	-1
1889	4	-50
3880	13	-38
4898	10	-60
4377	12	44
4378	7	-96
3388	18	20
4899	10	-29
2871	7	24
2872	8	7
884	14	44
2873	11	55
4900	1	86
2383	16	-8
1890	11	42
4379	15	-17
2384	10	-63
885	1	90
2874	19	45
2385	6	-74
1395	14	-22
886	5	-43
1396	4	-17
2875	12	-65
383	16	-66
2876	15	-34
4901	8	-9
2877	1	23
3881	9	-18
1891	11	-80
4380	9	46
4902	7	-58
1892	19	24
4381	2	4
4903	18	-76
1397	13	98
3882	4	68
3389	13	90
2386	1	88
4904	18	75
3883	12	-86
2387	1	-92
3390	8	-62
4905	6	-100
1893	18	-59
4382	8	95
4383	4	-53
1894	15	-21
3391	12	-26
2878	4	12
3392	2	71
1398	5	-41
4384	9	-14
3393	17	51
1895	13	-84
4385	3	43
3394	5	5
384	2	-89
385	8	-21
3884	3	30
2388	12	-71
3885	6	-62
2389	10	-47
1896	7	73
887	1	-78
4906	2	78
2879	10	18
3886	11	-52
1399	17	-85
888	10	-87
1400	14	59
1897	15	-54
3887	13	-28
1401	2	-97
4907	9	42
2880	14	81
4386	14	-40
2881	12	19
2390	13	53
3888	12	76
4908	19	43
4909	9	10
4910	15	-52
1898	19	-43
889	15	54
4911	4	9
1899	5	16
2882	7	-72
890	6	-54
891	19	20
2883	5	-46
2391	4	-7
4387	17	-53
1900	3	36
1901	18	88
3889	10	71
386	16	47
4388	10	-48
2884	6	25
3395	7	-27
2885	19	-91
4912	11	60
1902	3	-9
3890	19	-58
4913	19	21
387	16	99
2392	13	0
3396	17	76
388	3	-58
1903	3	78
2393	14	40
2886	7	67
3397	8	56
892	13	94
4914	19	63
893	9	79
3398	1	25
2887	2	88
389	16	-96
390	16	76
4915	12	34
3891	13	30
3892	4	-44
1402	12	99
391	16	40
2888	12	-31
894	5	-1
1403	13	29
3399	18	9
4389	12	61
392	16	99
3400	13	-61
895	9	-84
2889	3	97
2394	10	-25
4916	6	38
3401	19	-68
896	6	17
4917	7	-11
2890	1	-48
4390	2	-23
2891	15	96
393	5	80
2892	12	2
4918	8	-13
1904	8	62
4391	10	47
3402	4	53
897	12	-55
3403	2	99
2893	1	61
4392	8	21
2894	11	-8
2895	3	55
4919	4	-23
4920	4	25
4921	6	67
898	11	-87
4922	3	-94
899	14	31
3893	15	-45
4393	5	30
1905	15	73
3404	1	90
1404	13	67
4394	5	75
3405	19	68
394	16	43
3894	12	-82
900	3	-49
3895	15	45
2395	17	-41
395	16	-82
3896	12	46
4395	4	36
4396	18	69
901	2	51
396	5	-30
4923	17	-3
3406	17	-77
1405	5	62
3407	13	45
2896	14	-82
397	10	97
3408	14	19
3409	8	-9
398	16	-32
2396	11	-41
902	19	-30
903	19	96
399	16	89
1406	8	1
904	8	-11
1906	9	-26
1407	13	58
3410	6	-55
4924	18	-63
3411	15	-81
4397	17	-44
2397	3	-50
2897	2	-72
4398	3	13
3412	13	15
2398	3	-50
3413	13	51
3414	6	-53
4925	3	-39
2399	1	84
1907	7	-91
4926	5	77
905	1	-75
2898	8	94
2899	14	88
906	10	-30
2900	12	87
2400	6	32
1908	18	70
907	15	84
1408	6	-11
400	16	-40
1409	18	-67
401	4	-50
2401	15	-64
4927	13	-65
2402	7	-80
908	7	-78
402	16	50
1410	7	-100
909	14	-22
4928	11	-87
1909	13	-9
403	13	-12
404	16	56
2403	9	-26
3415	13	-51
910	6	-59
405	16	-89
406	8	47
1411	17	-45
4399	2	-31
4929	12	-65
911	3	19
2901	15	-71
1412	13	16
3416	8	40
4930	7	51
2902	18	-100
3897	3	-32
1413	4	53
3417	9	-32
4400	6	-46
1910	9	6
3418	4	-88
3898	13	-18
407	15	-80
408	3	94
1414	3	-52
3419	7	-33
2903	14	-11
4401	7	-9
2404	4	74
2904	5	5
2905	3	35
1911	4	28
409	14	49
1912	6	-38
3420	12	80
2405	6	31
2906	6	43
1415	18	-68
4931	1	-48
3899	3	-17
1913	3	76
3421	12	-4
2406	10	-41
4402	5	-70
410	14	-69
3422	8	-71
3900	9	-59
3901	4	-27
2407	14	17
2408	3	-63
4932	15	-52
411	16	-48
912	15	-20
2907	10	67
913	9	-96
412	14	-75
2409	12	34
2410	19	88
3902	17	34
2411	18	82
1914	12	-50
3903	11	65
2908	3	46
1915	8	-25
1916	11	99
914	9	-83
1416	10	60
3904	15	-24
1917	18	73
4933	6	-96
3905	4	-3
1417	3	-40
915	3	4
4934	4	71
413	16	8
916	8	-51
4403	5	-43
2909	9	6
1418	15	50
1918	5	0
4404	3	16
4405	15	-82
2412	7	-33
4935	13	-53
4936	9	60
2910	12	86
4406	15	-59
3423	17	81
4407	2	-96
2413	1	14
4408	13	40
917	5	32
1419	4	-1
4937	15	-72
4938	12	-70
4409	11	31
1919	13	15
918	7	18
3906	9	-44
1920	9	68
2414	1	-12
1921	18	-59
1922	5	66
3907	15	39
2911	5	-99
1923	11	-32
4410	7	99
1420	3	89
4939	1	-41
3424	11	90
2415	7	47
4940	3	-6
919	3	16
2912	7	2
2416	15	86
3425	13	28
2913	10	-15
3426	18	44
3427	15	88
1924	13	-77
414	16	6
3908	14	-59
3909	13	-39
3428	1	57
415	16	-16
3910	11	-24
2914	9	80
1421	14	95
4411	7	72
1925	6	75
3429	3	-42
4412	9	-3
2417	12	-22
920	2	-73
3430	7	58
3431	1	85
1422	10	-84
2915	9	-72
1423	14	32
4941	12	-40
1424	4	-51
921	10	-10
416	16	38
1926	9	72
3911	15	-72
3912	5	-21
417	16	65
1927	13	-16
1425	12	-55
2418	11	-54
922	3	91
4413	1	-27
1928	14	80
3432	9	66
1929	3	54
4942	9	16
418	16	-34
1426	4	70
2916	12	-61
4414	6	9
4415	4	0
1930	17	-24
4416	17	-19
1427	11	0
2419	12	-17
4943	19	-81
3913	6	-6
2917	11	-73
3433	12	-99
4417	18	-96
3914	2	-75
4418	1	-3
923	7	-33
1931	3	14
2918	8	63
3434	18	-90
4944	12	58
1428	3	-11
3915	19	-34
4419	18	-100
3916	5	-15
1932	12	-89
924	8	1
2919	11	27
925	19	91
4420	11	-4
4421	14	-5
4945	3	-95
4946	4	36
2420	12	-89
2920	13	45
4947	8	68
419	16	2
3917	7	23
420	14	-85
4948	13	60
421	19	8
2921	3	56
3918	12	-30
422	16	13
1429	6	41
423	16	33
4422	4	-6
4423	1	33
4424	12	-90
926	1	-74
2421	3	-17
2922	8	-10
1430	6	-55
424	16	91
1933	9	-86
1934	9	-50
3919	17	-10
927	6	10
1935	3	-59
4425	3	41
4426	15	47
4427	6	30
4949	11	29
4950	2	-42
4428	3	21
4429	10	87
1431	13	36
1432	19	-87
425	16	56
3920	12	-65
4430	15	-8
1433	1	-30
2422	5	43
426	16	49
4431	1	35
2923	2	76
1936	1	66
928	13	-63
3921	9	23
4432	13	-91
1434	4	50
4433	3	-14
2423	6	34
3435	4	96
2924	4	-13
1435	6	-88
3436	1	-81
4434	19	97
1937	17	-85
929	7	-22
1436	3	-78
1437	15	-64
4951	10	-61
4952	9	-97
930	13	66
4953	17	52
3922	15	56
2925	11	43
2926	4	70
427	16	38
4954	4	-21
428	14	-2
931	4	-74
4435	10	-84
3437	4	-87
4955	19	83
2424	6	-75
4436	5	-6
3923	8	34
3924	12	-40
3438	2	96
4437	7	48
429	16	-80
2425	4	41
4438	4	16
4439	12	-20
1938	13	13
2927	6	-16
4440	15	84
4441	4	77
932	15	40
2928	14	47
3925	17	56
2929	2	57
3926	3	-89
933	5	47
934	14	85
430	16	95
4442	18	-50
3927	13	-91
4443	8	3
3928	2	-77
431	3	-2
1438	11	-32
935	19	14
3929	7	-16
2930	5	-20
1939	6	-39
2426	14	-70
4444	18	-99
2427	7	-47
936	18	32
2428	3	-6
3439	8	-85
2931	18	0
432	5	-91
433	16	-23
1439	3	-31
1940	5	27
1440	13	74
1441	10	-10
1941	10	94
434	16	25
937	15	-53
3440	14	-74
1942	11	-71
938	18	-69
4956	6	-96
3441	2	87
3442	11	-62
3930	18	-36
3443	9	96
2429	3	48
939	19	-87
2430	17	-39
1442	1	43
1943	11	19
4445	11	54
435	16	-97
2431	11	55
436	16	82
1443	4	85
1444	4	23
2432	19	-67
940	3	-97
4446	14	6
1445	18	12
2932	4	24
1446	4	9
3931	7	-2
3932	11	5
1944	12	72
2933	3	63
3933	14	-29
2433	4	100
941	12	92
4957	11	9
3444	12	47
3934	5	-69
3445	17	19
1447	7	54
3446	8	-60
3935	9	-41
1945	18	61
1448	10	-88
1449	5	-64
3936	10	21
3447	1	69
942	8	15
3937	3	-36
2434	2	51
1946	3	35
3448	1	36
2934	14	-3
3938	11	-63
4958	1	-45
3939	3	-18
943	15	-67
1947	11	-1
944	3	13
3940	11	6
945	19	-83
946	3	-79
437	16	91
2935	17	-93
1450	11	-72
4959	9	23
4960	9	-19
2936	10	-16
4447	10	-93
4448	13	54
438	16	-52
4961	4	-61
1451	10	-19
947	3	-97
3941	3	-15
2435	12	49
4449	2	91
3942	16	-96
4450	1	-75
3943	13	89
4962	8	57
3944	7	-77
4451	2	97
2937	3	-34
1452	4	25
3449	5	10
1948	13	82
2938	13	75
948	5	-11
4963	19	23
2939	8	-25
1949	13	-57
2940	11	-45
2941	14	-89
3945	7	93
4452	5	-33
2436	10	18
1453	6	6
949	9	44
4453	10	-68
1950	1	43
1951	5	100
1454	11	41
1952	6	-89
4964	13	-35
4454	9	-81
1455	5	-84
439	16	-75
1953	15	1
1456	10	48
1457	6	37
2437	12	-22
1458	9	-50
1954	2	41
2942	3	38
1955	19	-67
3450	3	-64
2943	12	18
1459	10	40
950	8	43
3451	3	98
1460	12	4
951	6	56
3946	7	14
2944	2	72
4455	1	76
2945	17	-46
4965	12	89
3452	10	61
2946	19	57
440	16	2
441	16	60
3453	18	74
3947	13	69
952	1	58
1461	3	3
3948	6	85
4456	11	-12
2438	13	22
4457	5	-82
2947	10	-53
442	15	-50
4458	19	-55
2948	12	-8
2439	6	72
953	3	-74
954	12	-8
955	10	-63
1462	2	38
3454	9	55
2440	8	56
1463	1	-78
3949	15	-29
2441	11	3
1956	5	-46
2949	7	-81
443	16	13
1464	7	35
3950	11	-17
2442	7	0
2950	18	-30
956	14	-43
444	5	58
2443	11	-35
957	5	-92
958	2	-30
2444	9	47
4966	4	95
4967	11	74
445	16	59
446	3	-58
3455	3	75
1957	13	37
3951	12	1
1465	2	56
2445	9	-90
3952	14	-76
1466	3	-79
447	3	-64
4459	8	44
2951	6	-73
448	3	38
959	8	17
1467	8	58
960	3	63
4460	2	0
2952	12	-2
2953	18	-46
2446	1	-42
961	14	-4
2954	9	-72
3456	13	-76
4461	8	34
1468	3	82
1469	12	-55
4462	8	-95
3953	8	47
3954	9	79
3955	2	13
2447	18	-64
2448	3	-56
962	11	2
2449	14	33
4968	19	-2
2955	2	-30
4969	19	-92
2956	7	-14
2450	15	-54
4970	18	35
3956	15	29
449	16	-53
2451	10	26
2452	11	-36
450	16	-46
3957	11	-83
1958	11	-55
4463	3	-80
1959	12	71
2453	11	1
451	15	-41
2454	11	35
2957	7	20
452	16	-100
2455	7	53
3457	14	-46
4971	10	7
963	12	-46
1470	17	50
964	15	-64
2958	7	-77
965	10	-95
3458	1	-71
2456	4	71
2457	1	-7
2959	15	38
3958	11	-9
453	16	97
4972	9	36
4464	8	48
4465	9	-68
1960	2	-99
966	15	-11
4466	2	-69
454	16	24
3459	7	68
1961	15	25
967	8	-90
2458	7	-41
2960	11	-61
4973	8	96
455	16	-55
2459	11	2
456	16	-64
4467	13	35
2961	19	-52
2460	18	45
3959	15	14
968	3	0
969	14	0
4974	8	-45
4468	7	-20
2461	1	79
3960	6	-89
3961	13	58
1471	5	31
1962	10	10
2962	6	79
457	16	-79
970	7	66
2462	4	92
1963	3	38
4469	8	30
458	16	-71
459	16	-62
460	16	-89
4975	4	45
461	5	-31
462	13	9
2963	4	-97
1472	3	6
1964	18	-4
1473	14	69
2964	13	9
463	16	8
1474	19	-61
3962	6	-35
4470	5	-99
3460	19	-80
3963	13	64
1965	3	-44
2965	1	78
4976	10	-55
3461	3	-35
971	8	100
4471	1	-16
464	16	66
2966	4	56
2463	4	-69
1475	9	-8
465	16	73
2967	1	-66
1966	8	-55
3964	12	75
3965	4	-16
1967	14	46
1968	7	48
1969	10	-87
1476	19	28
1970	6	21
2968	7	-18
4977	4	-21
1971	12	-99
1972	6	-38
972	13	39
1973	2	-99
1974	16	-29
2969	11	77
3462	8	-24
466	8	97
467	16	-58
1975	12	-37
2464	10	93
3463	15	-2
468	5	-91
973	5	-90
2465	17	4
2466	8	-7
3464	7	-44
2467	12	23
1976	3	0
3966	11	24
4978	1	14
974	5	-73
469	16	-36
3967	15	23
3465	8	-42
470	14	-95
2468	3	-15
1977	1	83
1978	14	13
4472	11	72
2970	18	91
4979	17	-23
4473	18	-89
2469	19	-45
3466	8	59
1979	17	-15
1980	2	31
3467	15	-16
2971	6	-71
1477	11	64
4980	1	71
2470	3	-90
3968	7	84
3969	18	3
1478	10	58
975	1	75
2972	1	61
3468	17	-21
1981	2	76
4474	13	-65
3469	7	73
471	16	91
976	5	3
3970	18	-60
3971	9	-87
2471	15	7
1479	3	-66
1480	4	-34
2973	10	-44
2472	8	73
2974	12	28
472	12	-64
3470	18	0
2473	1	-11
977	3	-34
4981	18	-52
4475	4	24
3471	13	85
1982	8	-15
978	3	-77
3972	19	-28
473	16	4
2474	14	-33
4982	4	69
2475	10	96
979	17	-53
3973	5	54
1983	6	-17
4983	9	-35
2975	3	-93
2976	3	11
2977	19	19
1481	15	13
3472	1	95
980	19	37
3473	10	-67
474	16	-28
2978	15	-12
4476	11	-66
2476	18	-64
2979	19	53
2477	5	-68
4477	2	-20
2980	6	88
981	3	-92
3474	19	71
2478	12	5
1984	3	-56
1482	8	9
2981	15	5
475	16	24
2982	17	7
2479	13	68
3475	5	-56
476	10	99
1483	12	-1
2983	9	3
2480	11	-4
982	15	12
2481	13	-5
4478	6	32
1484	18	-41
3476	5	30
2482	19	-72
4479	15	72
4480	6	-3
4481	3	49
4482	9	95
3974	5	14
2984	9	8
1485	15	-79
3477	9	-47
3478	5	9
477	4	32
2483	19	-58
2484	9	83
1486	2	-35
1487	19	13
983	12	52
4483	4	-89
2985	3	-63
3975	10	24
478	11	61
4484	18	27
4984	19	100
479	16	98
3479	4	-51
3976	1	-27
2986	13	-7
1985	17	32
4985	14	-87
2987	11	86
3480	6	73
3977	1	-23
3481	14	-12
480	16	-59
3482	10	3
1986	14	-29
3978	7	27
4986	4	59
1987	13	15
2485	9	-5
2988	19	-92
2989	14	17
4485	13	-78
3979	4	22
4486	14	84
984	1	50
1488	13	77
4987	5	-54
2990	12	-19
985	14	-12
3980	13	-73
2486	19	51
1489	2	88
986	1	-97
1490	18	-4
987	3	74
1988	18	14
2991	19	-93
481	16	35
2487	2	83
4487	2	12
4988	16	-96
482	5	-83
3483	19	24
1989	6	20
483	16	-38
3981	8	-41
2488	11	55
4989	10	-84
484	4	-20
2992	14	98
3484	18	-93
3982	3	47
4488	1	17
3485	3	26
2489	9	71
485	16	-71
486	16	100
3486	8	-95
2490	14	24
3983	5	-94
988	15	20
3487	15	-5
487	16	-23
989	10	-44
3984	4	55
4990	2	22
2993	18	13
488	16	45
3488	6	-40
2994	19	-62
1990	10	25
1491	14	74
3985	14	-38
1991	11	37
4489	2	-92
4490	8	-48
3489	7	-2
3490	12	-28
4991	18	85
3986	3	-51
1492	3	-89
3987	9	-83
2995	4	89
1992	15	-88
3491	7	-44
990	17	-68
991	15	-82
1493	10	37
992	15	39
1993	7	56
2491	3	-44
489	16	25
2996	17	60
2997	13	-94
1494	10	-22
4992	4	-18
490	16	21
3988	4	-18
1495	6	45
4993	15	0
3492	2	-7
4491	12	21
4994	5	88
1496	10	-45
491	16	80
993	8	-77
3493	4	-25
994	14	69
3494	14	25
3989	15	41
4995	12	96
2492	3	-58
2493	9	32
1497	9	81
4996	7	-12
4492	3	-26
3990	18	-14
4997	10	86
995	10	22
4998	9	25
4493	8	63
3991	3	-51
492	5	-23
493	16	-52
4999	5	-80
4494	4	97
2494	4	87
1994	3	17
3495	12	-14
4495	9	-67
4496	1	-87
1498	1	-39
4497	9	85
996	4	-58
4498	3	85
494	16	-46
3992	19	13
4499	6	61
2495	1	-71
1995	8	-9
3496	13	46
2496	9	28
997	9	27
1499	12	82
495	14	85
998	1	-53
3993	4	19
2998	12	-3
496	16	60
4500	17	42
2497	7	-3
3994	18	47
497	14	43
3497	4	87
3498	19	61
5000	13	-17
498	16	-96
1996	5	6
1500	14	71
3995	17	-57
3996	15	14
2498	17	-56
2999	2	91
3499	19	78
2499	15	-92
3997	18	91
3998	8	-75
1997	3	-97
3999	3	-36
999	4	-94
499	16	62
2500	1	64
1998	15	-4
1000	11	39
1999	4	0
3500	15	73
2000	3	67
500	16	40
3000	2	-79
4000	7	-31
