4001	12	3505
3501	13	857
4002	8	1556
3001	7	4300
4501	5	4876
3502	5	4799
4502	19	3781
1	16	1511
3002	16	1669
3003	16	2225
4003	7	227
4004	8	3583
2501	13	4670
2502	4	191
501	15	2777
2001	15	1581
3004	19	351
2	16	3974
1501	18	4908
1502	11	4491
3503	6	2296
502	4	1459
4005	2	4048
3005	12	3574
4006	18	1311
2002	10	60
2003	15	1442
3006	5	2144
503	15	511
504	12	2760
3	14	3224
3007	5	1395
3504	17	1292
505	3	796
4007	3	1077
506	3	2269
2503	1	3005
3505	9	2435
2504	4	4408
507	13	2167
4	1	2702
5	16	2572
508	14	2833
2004	9	1009
4503	4	2035
2505	7	3087
509	3	2922
4008	8	4979
3506	15	3566
4009	6	2300
3507	18	570
3508	4	1327
4504	18	2980
510	10	1446
511	16	1896
4010	5	2213
2005	11	2946
3008	1	2568
1001	3	4662
1503	15	1294
3509	15	2639
512	19	764
513	14	3569
3009	12	1642
2006	6	2022
3510	11	774
4505	4	1870
4011	9	504
4506	3	2895
4507	16	635
6	16	4230
3010	8	1976
3011	18	3123
2007	19	2044
1504	1	4837
3012	3	3703
1002	16	2289
1003	13	2462
2506	9	3217
1004	1	4008
514	3	334
2008	6	4367
2507	3	4454
2009	15	4541
1005	9	1733
1505	17	2634
2508	5	1006
1006	8	1574
3013	10	2039
1506	4	776
2509	8	2828
2510	8	2395
7	8	1180
1007	2	3461
1507	8	119
1508	18	3353
4012	15	1874
2511	19	3857
8	16	4874
4508	11	1215
9	2	2287
4013	3	92
2512	15	4863
2513	1	1853
3014	3	254
4509	4	3563
1008	14	3365
1009	12	2995
1509	9	1639
10	16	2686
4014	3	3872
2010	3	762
1010	1	1664
1510	3	794
11	16	2156
4510	6	3016
4015	18	2358
4511	3	1307
4512	13	1050
1011	8	815
12	16	2692
4513	4	489
1511	10	4431
3015	6	1517
3016	10	4837
4514	5	1083
3511	4	3768
1512	8	3374
13	14	1811
4515	9	1537
1513	13	2007
4516	18	3320
2011	9	3216
1514	17	1288
4517	18	873
4016	3	3461
1515	3	4868
4518	19	1103
1012	9	2842
4519	4	4191
1013	10	1368
4017	2	2166
3512	18	682
1014	4	2306
2012	7	1823
3017	19	4732
14	16	60
2514	11	888
2013	12	4151
1516	13	1039
3018	6	2192
2014	17	2149
15	14	4165
2015	9	4544
4520	4	2972
2016	14	2031
2515	18	869
2516	1	3591
515	18	3543
3513	2	2377
2017	15	2396
2018	7	4810
4521	3	3007
4018	12	2384
3514	1	108
4522	1	2860
1517	9	49
16	16	4087
3019	4	4391
3515	2	4223
1015	5	3986
4523	9	3334
4019	2	3750
2517	6	2870
4020	17	2536
516	11	3812
1518	3	2900
17	16	3051
4524	5	3582
3516	14	1024
18	14	1590
3020	6	4592
1519	6	4241
4021	4	3366
4525	7	785
2518	12	4026
4526	13	439
2019	1	260
4022	13	4471
1016	5	2242
19	16	1233
1017	12	4611
2020	12	3625
4023	11	4002
4527	12	869
4528	15	2687
1520	9	3217
2021	3	1668
3021	3	2510
4529	3	3742
3022	11	3241
2519	17	707
4530	9	3036
1521	17	376
2520	1	26
4024	8	2749
2022	19	683
3517	6	4465
4025	18	3013
4531	7	3920
2521	15	1715
517	1	2788
1018	3	4019
518	7	1858
519	15	1132
520	1	1298
1019	11	4629
4026	10	329
1020	7	1473
20	16	3366
2023	1	1169
21	16	1976
521	7	1204
4532	15	2588
3518	15	1543
3023	19	1517
4533	1	3606
522	14	1752
4534	17	3407
22	16	2230
2024	5	1024
3519	13	1323
1522	9	1522
4535	7	3693
2522	1	3469
3520	8	552
523	4	4302
23	6	3638
3521	18	1649
2025	4	4133
524	2	66
24	8	3649
1021	17	2736
25	14	3604
4027	14	1748
3522	3	4056
3024	13	1505
4536	8	183
26	2	2678
4537	3	1629
1523	8	2518
4538	11	4683
2523	5	501
525	5	3514
2524	3	4496
4539	6	2698
1524	3	11
27	14	3732
2026	10	1105
4540	6	4999
2525	4	172
526	17	3617
28	19	4714
2027	4	1073
4541	10	1235
4028	17	4902
1525	3	758
2028	12	4170
4542	9	1311
527	12	2209
528	7	2752
4543	11	2604
529	13	744
4029	15	4056
1526	3	1666
1022	10	3108
3523	5	2068
3025	16	3110
1023	3	515
3524	6	2883
2029	2	1887
1527	1	2366
3525	4	2538
4030	11	3659
3026	10	567
29	16	2616
1528	9	2161
2030	1	2678
4031	9	4494
3526	15	1676
530	14	3060
531	14	2392
2526	3	317
4032	3	843
2031	6	1461
2527	18	1189
4033	18	3657
1529	13	4731
3527	7	1487
2032	9	1855
1024	5	2320
30	16	4516
4544	4	955
1530	4	2036
31	16	1250
1531	12	1057
2528	7	3538
2033	18	3737
3027	3	4696
1025	19	715
4034	4	2663
1026	8	1451
32	16	4971
3528	19	2754
4035	6	1260
1027	10	3701
4545	13	1366
2529	14	4496
1028	11	1693
3529	12	2238
2530	15	4578
1532	12	1579
1533	14	1720
33	16	1383
532	14	2483
4036	14	4182
533	18	1444
4546	4	3002
534	12	4044
1534	8	3622
3530	3	3853
2531	3	2298
1535	6	1995
2034	7	4537
1536	9	3430
3531	7	1786
535	19	4769
2532	3	4107
1029	13	1533
1030	5	2963
3532	5	557
1031	19	4023
3028	5	3762
1537	7	4569
34	10	1886
3029	5	4137
3533	3	1241
35	9	602
4547	19	2366
2035	10	3009
3534	19	1323
2533	15	3147
2534	4	3365
4548	15	1185
4037	4	2474
2036	14	4785
2535	2	2005
3030	3	1211
2037	2	466
1032	15	3966
36	16	4162
1033	14	307
1538	19	958
2038	11	2888
4038	3	312
3031	8	2510
4039	13	2338
1539	13	142
37	12	2918
4549	12	254
38	16	4999
3032	19	1825
536	1	2971
1034	11	4242
2039	10	3696
2536	8	1674
3535	12	2116
4550	5	4285
1035	9	4077
537	3	3584
1540	10	4826
4551	16	3337
1036	10	193
4040	4	828
4552	1	1681
3536	14	271
4553	15	4630
2040	17	163
3033	12	4565
3034	3	3007
3035	18	1707
4554	8	1744
3537	2	3919
1541	3	3800
1542	12	1139
3538	5	4240
1037	11	3551
3036	17	3945
4555	14	2610
3539	7	2980
3540	5	1244
1543	17	2837
1038	2	4837
3037	18	1688
3541	17	3641
39	1	3823
2537	12	2774
2041	18	4710
538	5	4481
4556	4	801
3542	10	749
2042	18	1109
539	1	2930
540	9	1366
4557	2	1453
1544	12	2864
4041	12	4795
3543	7	4675
3544	12	357
3545	1	4211
3546	1	1476
3038	8	2860
4558	7	242
3547	1	837
1039	14	733
4559	12	4592
3039	15	2749
541	13	2950
4560	11	2350
2538	1	4993
2539	15	481
4042	5	3645
4561	11	1399
542	4	3675
1545	14	4834
3040	18	4538
1040	10	3412
3548	1	4853
2540	17	1210
1041	14	4545
3041	13	897
4043	17	3786
1042	2	2261
40	6	4465
3042	17	4340
2043	10	4619
4562	3	3176
1546	17	2539
2044	18	4389
4044	10	4689
4563	10	4421
1043	3	84
1547	8	1843
1548	7	460
4045	5	2828
543	19	3396
41	16	2631
2045	3	1827
1549	13	4949
42	16	885
2541	7	2974
3043	14	4707
1550	3	2184
4046	7	4877
1551	8	3838
1044	3	747
2046	5	2252
2542	7	2046
3549	5	480
3550	5	771
1045	2	2950
4047	5	1614
2047	7	3414
3551	19	3648
1552	19	4332
3552	6	572
544	1	4730
3044	19	3225
3045	14	59
545	10	3009
2543	4	1927
4564	4	1438
4565	5	1544
43	14	2404
4048	5	2149
1553	11	2718
2048	17	4950
44	16	3763
1046	16	4473
45	16	1681
2544	12	4477
1047	1	4476
46	5	4778
1048	19	4671
1049	3	2249
1050	8	3237
4566	6	4820
47	3	1741
1051	7	2091
4567	10	1105
3046	1	4363
3047	13	3584
2545	19	55
4049	8	1479
2049	14	3986
546	3	2059
1052	4	3241
1053	3	4891
1554	10	2896
2546	10	3808
48	16	245
1555	15	790
4050	8	3766
4051	15	837
4052	4	748
1556	7	4165
3048	11	2705
4053	11	940
3049	5	2349
3050	13	3560
4568	6	2405
2050	14	538
49	16	1975
3051	7	4662
50	16	1495
2051	4	980
1557	12	615
1558	17	3979
3553	14	4954
1559	10	1048
2052	17	3320
4569	11	3600
3052	19	4335
547	6	4825
1054	14	1908
4570	13	4567
3554	2	4704
2547	9	1098
3053	4	3191
3054	9	3485
4054	13	2648
2548	15	681
548	10	1319
549	17	1031
1560	1	151
1055	12	2396
1056	5	49
3555	1	2513
1561	13	1115
51	14	2553
3556	14	4682
52	19	3992
4571	9	2351
2053	2	2324
53	16	2468
4572	13	3903
1562	3	4614
2549	7	3599
2550	16	2737
2551	6	2661
4055	14	1466
1563	13	4351
550	13	2015
551	3	4174
3055	19	189
1057	3	2980
1564	19	2776
2054	16	4727
3557	10	4132
3056	14	4425
54	5	4031
3057	12	4094
552	8	819
1058	15	4363
55	16	4304
3058	6	4844
553	19	153
1565	12	1036
4573	9	492
4574	19	1638
4056	19	1152
2552	14	3418
3558	14	4994
2553	11	199
2055	8	3172
3059	4	1680
2554	6	4298
56	16	2604
1059	7	3794
57	16	1818
1566	5	4706
554	6	1206
3559	10	3206
1567	2	2861
2555	6	2885
555	15	2087
1568	11	1633
2056	12	3283
3060	8	2296
1569	10	900
2556	9	2672
58	16	4318
3061	12	3902
59	16	1620
3560	19	979
1060	12	1207
1061	15	3487
3062	12	2397
3561	14	807
60	5	2415
1570	14	2159
1571	10	2169
1572	19	3838
556	14	3101
4575	11	999
4576	9	3912
3562	9	2329
1573	10	2525
1574	4	2777
4577	2	4440
1062	15	4615
3063	15	3410
557	4	2302
1575	6	2888
2057	3	583
1576	9	3896
3563	18	1847
2557	5	3898
1577	5	3428
3064	12	3069
2058	16	3908
2059	7	875
3564	5	2980
4578	17	2846
61	15	2965
1063	17	1382
4057	15	4736
558	6	4193
2558	11	1345
4058	15	708
62	16	1968
1578	19	2804
559	3	129
3565	2	462
1064	19	4157
3065	1	2393
63	16	1354
2559	4	912
4579	18	3830
3066	11	3664
3067	1	1715
4059	10	4544
4060	1	72
3068	1	4194
3069	12	3038
560	14	1958
3070	13	1985
1065	13	802
3566	9	3316
2560	17	4289
3567	19	2999
1579	14	3649
1066	3	4962
1580	15	1171
64	16	4850
2561	4	4831
3568	15	3342
2060	15	3115
561	14	4430
65	19	4559
2061	5	2239
562	8	1385
563	16	3681
2062	16	951
4061	5	2542
66	16	2467
3569	12	1595
564	12	1203
67	5	1760
565	8	4863
2063	2	3276
68	19	168
4062	13	230
4063	1	324
1067	17	3733
1068	18	4128
1581	12	3288
1069	15	548
3071	4	1016
566	11	3703
1070	3	3690
1071	11	3229
1582	5	3908
2562	3	704
4064	7	995
69	14	2680
1583	10	1217
3072	2	3678
4065	5	903
4580	5	3090
70	16	4215
4581	5	1201
1072	4	666
3570	9	1221
3073	9	2990
2563	8	4365
71	2	1577
4066	12	4902
1073	5	2897
4067	2	2606
72	16	3532
3571	5	2970
567	10	3366
1584	6	722
1074	11	1491
3572	5	2641
73	14	2193
1075	2	3861
4068	18	2225
2064	4	98
4582	13	354
4069	4	4311
4583	9	3772
3573	8	1887
1585	13	3102
74	16	3851
3074	19	527
2065	9	4294
4584	7	1378
568	10	1876
75	16	4262
2066	1	1820
2564	19	2330
3075	10	1989
1076	7	4399
2565	11	961
4070	6	629
3574	14	3341
1586	4	1721
569	1	4465
3575	14	2245
3076	10	1782
2067	4	2371
4585	4	466
1587	3	4870
2068	5	1156
570	1	2863
76	16	3777
1077	14	3701
77	16	2128
78	17	2771
1078	10	4242
3576	18	4561
2069	6	4002
79	10	1336
4586	1	4793
4071	3	614
2070	9	2065
571	13	4199
1079	16	2188
2566	14	2372
3077	9	768
2071	11	2130
3078	1	2858
3577	8	675
3578	9	4186
4587	6	985
80	16	2749
3079	18	2602
1588	7	4238
1589	10	2581
81	14	154
2072	18	3316
1080	19	3502
4072	7	3662
1081	11	1973
572	14	416
2073	4	3332
82	16	622
4073	6	3696
83	16	1589
2074	19	1632
2567	18	1559
4074	11	4758
3579	19	4527
2075	2	4106
1082	2	495
3080	2	4827
2076	17	3980
573	2	334
2077	6	2740
4588	4	427
574	15	4958
4075	14	4232
575	3	2742
3081	7	3327
4076	17	1397
576	13	200
1083	10	2619
4589	11	3949
2568	7	4488
4590	17	2689
2078	16	3
1590	16	341
4591	6	2399
1084	9	1593
4077	12	504
2079	7	370
2569	2	3067
1085	8	1740
4078	13	1227
84	15	4638
4592	5	4843
4593	16	1154
2570	8	1622
2080	2	4054
4079	12	353
2081	11	518
577	7	713
1591	17	3392
1592	3	1687
4080	1	1365
4081	6	3262
2082	19	4427
2571	8	1185
4082	2	3895
4594	7	543
578	12	749
2572	3	3798
3580	12	3753
3581	7	809
4595	6	2640
4596	3	3842
1593	10	539
85	16	1037
4597	19	2565
1594	1	2841
4598	2	2623
4599	9	389
2083	5	2869
86	16	4813
2573	9	3994
4600	2	269
87	5	4189
3082	1	134
88	16	887
3582	5	3422
1595	6	3878
2574	3	2121
3583	11	2587
2575	8	606
4083	4	1498
2084	4	4363
3584	18	1858
2085	1	4912
3083	10	597
3585	6	3769
2086	8	4761
2087	8	4076
2088	6	1916
4084	17	257
2089	11	3005
3586	6	3062
4085	7	679
579	7	4081
3084	11	387
1596	19	3504
1086	13	4208
1087	12	1446
1088	4	4921
4601	13	1111
1089	17	1171
580	14	2289
2090	5	2400
4602	5	2600
2091	5	541
1597	14	2576
1598	14	2317
3085	14	3738
1599	7	3759
3587	6	1313
2576	1	36
2092	8	4791
581	11	2776
3086	9	3854
2577	15	3196
4086	7	4128
2578	2	870
1600	9	1438
4087	2	2345
2093	9	4976
4603	8	1273
3588	14	3060
2579	12	3055
4088	10	3407
2580	11	4049
1601	4	123
582	9	3085
3589	2	4055
2581	7	479
1090	3	1058
1602	15	4021
3590	3	3648
1603	5	436
2582	10	3574
583	19	3515
3087	7	518
1604	9	1414
3591	17	3807
2094	14	1248
4604	13	377
2583	19	2707
4605	7	4761
89	3	2981
1091	10	4121
3088	15	2163
584	19	2874
4606	17	3260
1092	10	3162
4089	13	2510
1093	5	211
3592	5	2153
3593	6	97
90	16	1682
3089	10	62
1605	19	1110
1094	13	4666
2095	10	3369
1606	7	3369
2584	1	4030
1095	18	2012
585	10	1610
586	14	34
3090	12	2258
587	1	3087
1096	16	2175
588	13	2404
3594	4	1560
2096	11	4923
2097	1	3739
3595	7	4604
3091	3	1137
2585	7	452
589	4	32
2098	7	1099
590	11	3792
4607	19	2504
1607	10	3432
3092	1	4260
91	16	1304
92	16	2441
3596	7	686
4608	19	3159
2586	7	411
2099	12	275
2100	19	3798
2101	12	2704
93	16	3643
1097	12	992
4609	2	3659
3093	12	1759
3094	3	1970
3095	14	2036
591	8	2131
2587	5	2015
1608	18	1875
1609	19	2299
4090	15	206
1610	3	4193
1611	7	558
94	13	2156
4610	8	3563
1098	4	4861
3096	11	414
95	16	3644
1612	19	646
96	16	520
3097	9	4794
4091	3	3180
4092	1	2032
97	16	3758
3098	1	686
592	12	3096
2102	3	3758
3597	3	4677
1099	1	1773
98	16	3898
3099	6	2604
593	6	178
1100	14	1835
99	3	3483
2588	8	237
3598	19	752
4093	2	1570
594	19	2760
4094	13	3041
3100	6	3832
4611	6	1920
4095	3	4768
595	3	2693
1613	1	340
596	11	2530
2103	9	2490
2104	9	3494
1614	4	2740
3599	6	3436
3600	10	1789
1615	11	3760
1616	6	1926
3101	6	3150
597	14	3938
4096	19	1149
2589	11	1505
1101	11	3601
3601	14	4724
2590	4	1513
4097	15	1378
3102	11	3154
2105	2	3819
4098	7	4861
598	18	4474
4099	19	4107
4612	7	3497
1617	13	4268
1618	19	2256
599	1	1041
3602	19	1535
100	16	3372
1619	6	2672
4613	3	4675
1102	11	402
600	1	3770
3103	7	2297
601	8	3257
4614	10	4960
1103	3	2594
2591	9	72
2592	5	4957
2106	1	2259
3603	6	3335
101	11	4415
602	6	2312
1104	11	4366
4100	3	1956
603	1	4719
3104	12	3101
2593	6	1929
2107	11	1794
2594	1	1620
4615	12	3131
2108	4	3623
2109	13	3402
1620	1	4080
4101	3	4383
1105	7	2922
102	16	3785
2110	4	2501
2111	10	4901
3105	3	446
4616	13	4723
3106	15	1789
103	14	314
2595	17	3241
604	11	1081
1106	14	635
2596	8	3419
4102	12	483
3107	13	2221
1107	4	1763
3604	12	1226
2597	6	4471
1621	14	731
4617	1	964
3108	8	4692
1622	19	4923
1108	13	2633
3605	7	2892
1109	1	3206
1110	1	3357
4618	8	1124
104	16	3023
4103	3	2860
4619	10	717
2112	12	2943
4620	5	4758
1623	12	1401
3109	15	3116
605	1	1459
606	7	2713
4621	18	4618
607	5	3700
3110	8	322
3111	3	4936
3606	3	447
2598	10	3654
4622	1	3132
2599	18	3871
2113	4	3371
2600	13	2258
608	5	3270
4104	5	1092
2601	12	1587
4105	5	2862
3607	10	638
4623	3	3607
3608	9	4972
1111	12	1773
4106	9	1348
1112	8	193
609	14	527
610	10	3600
2114	12	2624
4107	8	2103
4624	3	3353
105	16	412
611	5	3589
1113	10	2106
2602	7	3580
4625	9	1694
612	11	4980
613	2	4084
4108	7	2426
1114	8	342
4109	1	478
2115	17	4491
1115	12	3800
2603	8	980
614	12	2511
4626	12	4953
3112	1	4431
4110	11	3955
1116	14	613
2116	15	3447
2117	3	3989
2118	7	4625
2119	13	1898
3609	11	4805
1117	18	4262
4111	3	2497
3113	3	4647
2120	3	1980
4627	19	1545
1624	19	2856
1625	15	4298
615	18	1570
4112	5	56
2604	9	1223
2605	7	33
4628	8	1878
616	4	3443
4629	10	2681
4113	13	2767
3114	1	2850
3115	3	3281
2121	13	4653
2122	7	235
2606	8	3392
1626	3	1346
2123	4	4343
3116	9	2038
3610	7	3247
1627	10	2846
4630	14	180
1118	1	4205
617	2	2470
3117	3	1462
2607	11	3894
618	19	1142
1628	19	3051
2124	12	620
3611	9	4797
3118	1	507
1119	19	709
4631	17	4376
3119	8	808
3120	9	4119
4632	14	4701
4114	19	757
3612	19	4275
4633	3	2752
2125	11	3481
2126	13	2079
4634	9	920
4635	3	1102
2608	17	4618
4636	3	1277
3613	1	445
4637	16	90
2609	4	2210
2610	8	592
619	9	1784
620	5	2426
1120	18	3116
4115	5	3443
3614	13	2132
621	16	2272
106	16	4180
622	6	2382
623	14	1510
2127	14	4711
1629	3	3127
107	16	726
108	5	3248
4638	17	578
2611	3	2129
2128	18	1310
624	17	3024
3121	1	730
4116	8	1853
2129	18	894
625	10	4692
109	16	1224
3122	18	2857
3615	8	1725
626	3	3766
2130	19	2740
110	16	3043
3123	19	825
1630	1	3161
3616	11	3140
3124	19	2214
3125	7	1923
2612	3	1997
3126	2	2924
4117	8	3624
2613	18	2589
2131	6	2010
111	16	3323
3127	10	4564
1631	14	3541
1632	15	3131
2132	8	2579
3617	5	3013
1121	13	3266
627	10	172
112	16	4266
3128	1	4431
2614	19	3975
4639	6	2636
2615	9	4556
3618	7	2841
1633	9	827
113	16	561
4640	19	745
4118	19	4130
3129	12	2101
3619	11	3835
114	16	4289
628	3	842
4641	1	4919
3620	8	4698
115	16	4263
2616	13	47
116	16	2644
3621	12	2698
117	16	873
2617	10	2439
2133	12	2214
1122	13	2546
3130	9	3488
2134	12	1528
3622	5	2480
2618	9	80
2135	9	3038
118	16	1146
2136	3	1631
1634	10	790
2137	19	3940
629	5	3
3623	19	2496
3131	1	2117
4642	7	1765
1635	7	548
4119	19	2893
1123	9	2204
119	16	1216
630	15	1577
120	16	4006
1636	8	3404
3624	11	3587
3132	3	432
121	5	1571
2138	7	2451
631	12	1120
632	11	4280
1124	17	4090
3133	19	175
2139	6	1469
4120	5	3718
1125	13	625
633	12	1654
3625	8	4533
122	8	3545
1126	6	4921
123	16	2375
1637	17	2439
2140	5	4430
1127	13	3171
634	8	4916
2619	15	877
124	7	1566
635	14	3310
2620	3	4755
1638	1	3749
3626	10	4226
2141	1	220
1128	18	1606
2142	3	2883
2143	2	4647
2621	3	2679
4643	1	3835
3134	12	3807
3135	15	3815
2144	1	2778
3627	3	2809
2145	4	4075
1639	1	4855
1129	13	4209
2146	9	3385
4644	14	3063
636	4	2322
2147	13	4932
4121	3	2280
1640	15	3259
1130	16	4025
4645	7	2620
1131	7	218
3136	9	3648
637	3	512
4122	3	1522
3137	8	197
1641	7	3382
2148	12	4466
1642	19	2989
2149	6	4858
4123	12	645
638	4	1398
4646	10	817
125	16	4904
2622	19	4462
2623	19	3392
126	16	288
3138	17	2845
4124	6	1442
2150	18	4485
1132	15	4663
1133	15	3225
127	14	2018
4125	14	4207
1134	19	2348
3139	7	4419
2151	2	1851
128	16	4812
3140	1	632
639	17	1951
1643	7	1367
3141	4	2065
4126	19	4799
1135	2	4138
3142	18	1390
1136	2	4032
640	10	87
2624	4	356
2152	13	4265
4127	3	4116
129	14	4195
130	16	4552
131	3	3072
2625	11	3481
3143	18	4288
641	19	1531
132	16	1647
4128	4	4262
4647	18	3263
642	5	1542
1644	8	4568
3628	12	3667
643	15	630
3144	4	1797
2153	6	30
644	9	4716
133	16	4276
1645	7	3951
4648	4	3244
2154	13	145
1646	11	2708
1647	19	1502
4129	15	1420
1648	17	3020
4649	5	1600
2155	12	8
2626	3	4463
3145	9	1888
3629	4	421
134	16	3433
3146	5	884
135	16	1610
2627	5	3815
3147	11	3308
4650	5	4417
1649	9	656
645	13	1829
1650	2	547
1651	19	303
1652	1	2778
4130	2	3432
4131	3	161
646	5	3096
647	8	1388
1653	18	3081
4651	8	1320
3630	10	1276
3148	2	3453
4132	5	4224
1654	19	3523
3631	13	853
136	19	2198
1655	7	903
4652	19	717
3149	11	2212
2628	14	2269
1656	1	4675
1657	3	2938
137	16	4200
648	1	4178
138	16	2284
1658	8	736
1659	8	4638
1660	8	2637
4653	10	2607
4133	10	3040
4134	7	1126
3632	11	2569
1137	19	2464
1138	6	1960
1139	13	2653
4135	6	3795
4136	19	3270
3633	10	2363
2156	4	4771
139	15	4232
1661	1	4021
1140	1	3209
4654	12	4769
3634	7	4975
649	8	3045
1662	9	3351
1663	15	167
3150	5	164
1141	5	4204
2629	2	3499
4137	6	2200
650	4	291
1142	8	3058
2157	4	1607
4138	11	1359
2630	18	4974
140	16	1000
1664	19	3043
651	7	3892
3635	8	1864
3636	9	669
652	7	3525
3637	7	1072
4655	10	2942
4656	15	915
1665	19	64
653	10	2451
3151	7	588
654	11	3855
2631	14	460
2632	19	2873
655	5	2927
2158	4	1541
4139	3	1434
2633	12	1945
3152	17	2089
4657	4	3755
141	3	614
2159	1	3285
2634	1	2045
142	4	3012
143	16	4814
3153	18	3104
2160	15	4540
144	16	2492
3154	19	1522
4140	4	4807
4658	5	4934
4141	4	578
3638	2	4483
4142	3	351
3639	4	3297
1143	14	3713
3640	8	1584
4659	8	2045
3155	6	3559
3641	12	1759
2635	5	2722
3156	18	3008
3642	17	926
3643	9	3075
4143	11	574
3157	9	2798
656	2	3968
4660	9	3099
1666	12	4855
145	16	3963
2636	15	4713
146	16	2898
3644	18	1966
4661	8	2815
3158	11	4075
2161	12	2649
4144	18	745
1667	17	4999
147	16	353
3645	2	2704
3159	10	4106
3160	4	1769
657	8	993
3646	10	4749
2162	18	4995
3161	6	2721
1668	13	2184
3647	5	4742
4145	17	1636
658	13	3284
148	16	3543
4662	5	2230
2637	14	4177
3162	6	3721
2638	18	611
3163	18	5000
2639	7	2232
149	7	4916
3648	2	1809
150	11	312
2640	1	3671
2163	6	2742
2164	9	3070
3164	5	6
2641	13	4164
1144	11	2450
2642	5	3161
1145	9	1975
1146	13	4424
1147	2	309
2643	10	4529
1148	3	2601
3165	7	2457
3649	1	62
151	14	2570
3166	5	3160
3650	11	3535
3167	19	3845
3168	17	4720
4146	8	119
1149	12	820
2165	18	3050
152	19	4764
1669	7	202
153	16	4019
3169	7	2864
1150	11	434
2166	11	224
1151	9	3136
1152	3	843
3170	4	4974
154	3	4821
2167	12	2825
1670	6	2242
3171	14	3701
2644	19	3541
2645	19	1510
2646	9	1081
4147	3	4693
3651	8	3587
155	16	1178
4663	12	1133
659	15	4886
3172	11	1474
4664	6	160
3652	6	376
4148	4	397
1153	19	2491
3653	18	3989
156	16	1169
2647	3	2100
1154	8	755
1155	1	3584
4149	13	1736
1156	10	1859
2648	16	3591
4150	10	1598
1671	18	2947
3654	19	3039
4151	17	1727
2168	14	2388
2169	11	281
660	18	15
1157	13	1506
3173	2	4732
1158	18	1154
1672	12	1188
157	16	4546
1673	14	4041
4665	8	3718
2649	5	1217
1674	1	782
3655	13	3340
1159	19	684
661	6	2909
1160	19	2904
3656	12	455
2170	18	781
3657	1	1002
4152	7	3341
158	16	1528
2171	13	1311
4666	7	289
2172	5	322
1161	6	708
3174	13	4744
662	19	1660
4153	6	4434
3175	10	3181
3658	4	3483
159	16	3331
4667	6	3598
160	16	1238
663	5	2519
2650	9	2811
161	16	1581
2651	5	3623
1162	3	2737
3176	1	3435
3177	7	164
4668	12	3222
4154	3	2707
4669	14	4755
4670	12	1339
2652	1	2157
3659	13	3349
664	11	2712
1163	18	2788
162	16	1700
665	19	1209
4155	6	4061
3660	12	3953
4671	15	1202
1164	7	1862
4156	10	3458
163	16	1032
2653	11	3556
3661	6	1271
3178	15	1898
3662	13	4249
666	10	2619
3663	8	1542
4672	1	700
164	16	4198
2173	4	4486
3179	12	933
2654	13	3750
4673	18	1577
3664	12	2718
3180	19	4443
4674	9	134
667	14	2825
1165	5	139
4157	12	2930
668	2	4810
4158	6	929
1675	11	4003
669	3	3777
1166	11	2580
3181	18	4117
2655	9	2844
4159	19	688
2656	17	2898
2174	3	2247
3665	7	900
165	16	4949
166	16	4711
2657	11	1296
3666	3	1901
1676	4	1147
3667	15	85
167	7	841
168	14	4758
670	1	4854
2658	3	462
4160	5	4164
2175	14	4225
4161	8	2627
4162	8	1450
1677	1	3007
3668	1	2759
671	14	3584
672	12	1957
3182	13	2860
169	16	2416
4163	13	327
170	16	4886
673	3	2347
171	16	1690
3669	8	4585
172	3	4662
4675	19	2140
1167	8	1698
2176	18	1423
2659	1	1400
3183	6	3675
2660	19	3366
2177	6	328
2661	9	3642
674	10	2149
1678	11	3204
4164	13	1016
1168	9	1392
4165	6	686
4676	7	1067
675	9	3615
2662	18	4621
4677	6	2763
2663	11	3027
4166	11	2062
1169	7	1075
1679	8	2316
1170	15	109
3184	7	1962
2178	7	3133
4167	7	4730
2664	14	1036
2179	13	3440
2180	17	2924
676	18	218
2181	8	1943
2182	1	370
1171	8	1600
677	11	4695
4168	11	1097
3670	1	749
678	12	491
4678	11	4428
4169	7	2579
3185	2	1003
4170	13	1239
3671	4	4034
1172	3	2159
3672	1	4482
3186	14	4419
679	18	3746
4679	17	891
2183	4	1793
2184	14	390
4680	5	113
1173	8	4641
173	16	4941
3187	6	3196
1680	18	4178
3188	4	532
1681	19	4483
1682	14	1318
680	5	264
2185	7	4096
2665	14	2490
4681	15	2809
174	16	2755
2186	14	1981
175	16	2088
1683	14	2444
1174	5	1492
1175	18	3882
4171	10	659
176	5	244
177	6	2314
4172	9	1983
1684	12	3287
178	16	4539
2187	7	2685
3673	5	4067
179	16	2572
1176	17	4174
4682	15	1867
3189	14	3463
3190	5	154
4173	13	501
4683	8	3952
4684	3	2243
1685	11	1970
2666	19	2384
2188	2	149
2667	1	1618
3191	6	4411
2189	3	3200
1177	15	1047
1178	1	3009
1686	7	4259
3674	6	1401
681	5	4712
2190	12	227
4685	6	72
2191	4	250
4686	15	3478
2192	3	4115
682	14	3375
2193	18	2023
683	18	533
3192	13	716
3193	11	929
1179	9	1259
2194	5	2192
1687	3	164
4174	2	2529
1180	6	3927
1181	2	2985
2668	19	3455
1182	8	4300
3675	12	4412
3676	8	1712
2669	11	1130
1183	14	3349
180	16	666
3194	12	2628
181	16	2782
4687	13	4629
3195	3	2610
2670	17	1368
1688	14	1047
2195	9	1913
3677	8	2205
182	19	2057
3678	9	204
3679	1	4525
3680	4	166
3681	9	669
3682	5	3230
3683	12	4939
4175	11	789
1689	11	2876
2671	9	2642
1184	4	3142
3196	6	1713
684	3	4360
3684	3	4035
3197	2	1300
183	14	339
4176	10	2321
3198	10	2070
685	4	2734
3199	5	98
3685	13	4070
2196	11	1222
4688	2	3092
1690	14	2603
3200	14	1384
4689	5	1294
3686	2	920
1185	6	3623
2197	5	2312
4690	11	4771
3687	10	4336
1691	9	1450
2672	5	1141
2198	14	2983
184	16	2031
4691	14	2684
185	16	3000
4177	4	4482
1692	15	1783
4178	9	1747
2673	11	2614
3201	1	4180
186	16	2302
1693	6	378
3688	1	4452
3202	7	4500
4692	11	229
2674	13	1355
2675	11	934
1186	3	4528
4693	2	1957
4179	5	3686
1187	9	257
1188	15	1856
4180	11	4823
4181	2	3708
3689	6	3800
4694	7	692
4182	10	4136
3203	9	2504
4183	4	3533
686	9	1721
187	16	4113
1189	11	3682
4695	16	4412
1694	1	4451
188	16	4559
687	19	2180
4184	19	2851
3690	15	3203
189	5	4247
2676	2	1989
688	2	324
1695	2	2048
1696	5	3713
1697	17	1383
1190	15	3989
3691	10	425
2677	6	2714
2199	19	1735
190	16	2748
1191	15	87
2200	15	1073
4696	14	64
1192	7	2886
2678	10	4266
1698	12	75
2679	13	654
4185	1	4475
4697	9	637
1193	4	4653
1194	18	123
2680	6	1383
689	11	2177
3692	11	2416
3204	3	2588
1195	8	1430
191	6	4186
690	3	519
4186	8	4566
4698	2	4899
3205	3	4392
4699	9	348
2681	3	4019
691	14	1629
3693	10	2
2682	19	1524
692	4	1233
4700	1	878
693	8	3620
1196	10	732
2201	11	950
192	16	4899
694	8	2639
695	3	374
2683	2	1628
2202	15	1879
3694	12	3305
1197	8	116
3695	9	1373
4701	18	318
696	12	911
4187	6	3052
1198	10	4429
4702	2	4241
697	17	551
4188	3	663
193	14	3163
1199	18	2915
2203	15	3149
4189	9	953
3206	5	4566
3696	15	3817
4703	2	31
2204	6	3291
3697	5	1836
698	5	3135
4190	14	1307
4191	17	2855
194	16	4916
3207	6	2032
3208	8	2902
2684	13	3543
3698	2	3764
1200	18	1761
1699	2	4955
3209	15	2900
1700	16	3729
699	13	4466
700	3	578
1201	12	3538
195	1	3296
196	16	3612
4192	10	3886
2685	2	4446
4704	18	4540
701	8	3629
2205	18	4248
2206	11	1362
3210	2	4995
4705	10	4061
2686	14	4259
3211	3	3364
4193	9	2833
4706	8	1469
197	16	242
198	7	1586
4194	10	2609
2207	15	363
2687	1	1203
4195	18	4646
4196	2	663
702	11	4572
1701	5	172
3699	10	536
2688	12	821
1202	5	2258
4707	11	4461
703	5	1391
4708	3	2087
3212	13	611
1203	7	4015
199	16	875
704	19	4381
1204	14	1635
2689	15	3853
4709	14	4747
200	14	1368
1205	18	4047
4710	14	4086
2690	3	746
4711	15	323
3213	15	1748
705	1	2066
4197	18	69
2208	11	3310
2691	14	3517
1702	14	134
2209	10	2309
201	16	4930
2210	18	192
4712	3	2354
4713	14	4336
2692	9	2259
706	9	958
2693	10	4558
1703	17	4448
1206	12	1941
3700	6	1323
707	14	2178
4198	10	132
2211	18	1188
3214	19	3273
202	5	38
4714	12	676
2212	13	3397
1704	9	535
203	16	2919
1207	15	4892
2694	2	545
2695	4	4088
4199	19	4553
3701	7	1559
1208	5	3081
1209	10	470
4200	13	4859
708	16	402
709	5	2903
1210	4	4288
4715	8	1357
3215	19	892
2696	13	4004
2697	12	2126
1705	18	3446
3216	7	1302
204	16	3750
3217	14	602
3218	12	2219
3219	13	4008
3220	12	2302
3702	14	3621
3703	4	4358
1211	3	315
3704	6	56
710	1	2160
1212	13	1040
711	12	3282
712	10	1725
3221	10	2857
3222	13	1419
713	5	270
205	16	4612
206	16	34
207	16	1079
3223	9	4799
4201	7	521
3705	17	957
2213	1	4437
3224	13	4822
1706	5	4360
3225	19	525
2698	9	4720
208	16	609
2699	9	3324
714	4	2214
715	3	3563
209	16	2145
4202	2	2331
4203	18	1267
1213	2	341
4716	11	1931
4204	3	2940
1214	13	4474
1707	15	4150
4717	19	2944
3706	6	2574
3226	19	4216
210	5	2312
3227	19	2338
4205	19	3488
211	16	3160
212	16	1867
213	16	4417
3707	9	115
1215	13	978
3708	19	4637
4206	2	2374
2214	6	4492
716	19	169
3228	3	3902
2700	11	4297
1216	16	2430
3709	10	1720
4718	6	3752
4719	5	4957
214	16	4877
4207	19	2489
215	16	4769
4208	3	3922
3710	13	4579
1217	5	1152
1218	3	2192
4209	15	2871
216	11	6
1708	7	2439
4720	5	3888
717	10	3271
2701	15	3617
1709	14	3938
3229	1	4555
3230	3	889
4210	4	4093
718	14	4964
2702	14	4408
719	19	4976
2703	11	2571
217	16	3048
1219	11	500
1220	14	129
2704	3	2628
218	16	1753
4721	18	2958
1710	18	472
1711	9	906
720	17	4650
4211	12	1670
721	19	3814
2215	9	4390
3231	9	3449
4212	9	3475
2705	8	3530
4722	4	700
4723	15	2346
2216	15	4522
2706	14	52
1712	14	1875
3232	12	3706
1713	18	1113
4724	6	2653
219	13	3818
4725	9	2435
4213	5	1605
4214	3	1007
4726	14	4631
4727	19	1212
220	6	1606
4215	2	2554
3233	1	706
2217	3	4586
221	13	4653
3234	8	4733
1221	15	598
3235	12	3245
1222	6	2263
4728	14	2834
222	16	3568
1714	8	2454
2218	10	1878
1223	14	3569
1715	7	2763
1716	10	424
2707	19	90
722	14	1578
4216	15	2005
2708	9	1484
2219	11	234
3236	3	802
1224	14	112
4217	8	4524
4729	5	2723
4218	12	4595
723	6	3347
223	16	1762
4219	2	839
2220	8	4554
1225	7	3809
1717	13	3478
4730	6	4217
2709	14	808
1226	6	919
3237	13	2036
4731	6	956
4732	9	1880
4220	10	273
4733	14	2800
4221	12	2736
724	17	4329
3711	17	4037
3238	14	2367
725	11	4484
4734	6	4361
2221	11	4196
4222	13	676
1227	4	4327
2710	5	564
4223	15	3930
3712	1	3419
4735	15	983
3239	13	4323
2222	15	3218
4736	8	1383
1718	9	1492
2711	4	448
3240	13	1951
224	3	3605
3241	11	760
4737	3	2785
225	16	1482
1719	14	2556
1720	8	1661
2712	3	4640
2713	16	759
726	6	864
727	16	2265
728	1	1780
3242	9	1494
2223	15	2698
4738	9	3249
3713	12	866
2714	5	1508
1228	15	1473
3714	15	4327
2224	5	1700
2715	19	467
2225	2	962
4739	4	3051
4224	8	4953
1229	1	4939
2226	12	4916
2716	17	764
1721	19	1345
1230	7	947
2717	19	402
729	17	3616
2718	13	1241
1722	10	2986
1231	3	4586
4225	17	737
226	16	4952
3243	11	2642
3715	9	2569
1232	4	4189
2227	11	1870
2719	15	2804
4226	8	1437
1233	1	3851
1723	13	1642
730	19	4337
3244	1	2153
1724	3	171
2720	12	4370
3716	14	1593
227	16	4110
4227	10	3508
731	3	1746
3717	18	2841
732	2	1653
228	19	198
2228	13	4865
1725	12	4316
1234	16	2410
733	19	4784
734	9	3153
735	18	3434
4740	6	1180
229	19	597
2229	18	4027
230	16	200
1235	19	3447
1236	14	1140
4228	1	2973
736	15	1244
3718	19	2790
1237	19	1162
2230	1	1758
2721	4	2411
3719	12	3877
1726	7	3692
3245	19	850
231	5	4740
4229	4	1741
3720	8	3167
3721	5	802
1238	11	1570
2231	3	1822
3246	7	2912
3722	18	1560
3247	1	1508
4230	19	43
3723	3	12
2722	8	1710
3724	10	2529
737	6	2100
1239	1	4677
1240	6	4710
738	6	1172
4741	19	2525
739	6	2112
2232	8	3893
232	9	3608
740	18	2708
1727	8	1545
2233	19	4189
2723	14	3840
1728	18	4130
4742	15	4929
3725	10	714
4231	14	3760
1729	4	1306
1730	3	3432
2234	12	710
741	3	4646
2235	1	130
3248	10	1058
3249	10	1376
1731	8	4004
3726	7	1842
233	4	463
742	10	973
4743	14	3405
4232	19	4870
4744	15	4378
2724	13	910
1732	12	3728
1733	1	3769
3727	13	601
2725	11	3528
4233	14	2144
3728	3	4141
2236	14	2163
743	13	4122
234	2	4
1734	3	2205
1241	5	3994
4234	8	3518
1242	7	176
3250	6	314
2726	9	4199
4745	4	4919
2237	3	4654
1735	5	2488
3251	3	148
2238	18	4330
2727	13	97
4235	13	357
3252	4	1807
3729	15	2651
1736	10	1670
4236	10	574
3253	7	723
3254	4	4988
3730	7	4170
3255	4	502
3731	15	2226
4746	8	325
2728	5	1167
2729	13	2583
744	5	4522
1243	10	3507
1244	5	4990
3732	11	1839
2239	4	3159
235	16	189
2730	8	4897
745	3	1513
236	16	987
4747	3	1989
3733	15	1023
746	2	4571
747	14	2898
1245	2	1144
4237	4	2774
748	11	2967
4238	15	3940
1246	5	2030
749	3	4166
750	15	4928
4748	11	4419
1247	1	2640
2731	7	2003
2240	18	1516
2732	1	1214
4749	6	2897
4239	5	3270
1737	9	596
751	10	673
1738	17	711
752	1	2954
237	16	3761
4750	6	866
2733	1	1228
753	5	1717
238	11	1727
2734	6	2843
1739	8	3614
1248	18	1189
239	4	3489
240	14	423
754	1	4616
3734	19	1140
2241	14	971
4751	18	1825
3735	3	201
1249	4	443
1740	12	2849
3736	3	653
2242	15	1297
241	9	353
2243	7	2233
4752	8	1807
3737	11	2466
242	16	4368
1250	1	499
2244	7	4382
3738	1	2017
4240	5	1512
4753	13	975
4241	15	3347
4754	1	3876
1251	2	4484
3256	18	4593
4242	19	4177
243	18	210
4243	6	397
2245	7	4154
244	16	2659
1252	5	778
1741	13	4262
4244	15	888
1253	4	2659
755	1	2417
3257	10	4693
4755	4	2557
2246	19	2059
3739	18	716
4756	17	2128
3258	7	3456
756	17	3161
1254	9	3897
3259	3	4812
1742	12	2717
1255	8	430
245	16	2594
1256	4	3140
1743	2	3944
4245	8	3520
246	16	974
3260	16	3945
3740	19	4579
1257	15	1218
2735	15	6
2736	7	1090
3261	3	1036
3262	17	4490
4757	8	3476
1744	11	851
4758	19	3337
2247	3	3463
247	16	1546
2248	3	657
4246	13	4247
4247	3	4612
3263	13	4797
248	5	191
4759	3	3656
249	16	3894
3264	15	4605
250	14	3518
3741	17	3130
251	16	18
757	11	1978
252	16	3275
2249	12	1516
2737	5	1407
253	16	1653
4248	5	3178
1258	11	140
3742	4	350
3743	3	2989
1745	2	193
3265	7	1558
4249	7	3342
254	16	4676
4250	3	2945
2250	5	3669
758	3	2258
759	15	3773
3744	14	1338
2251	16	2475
1259	11	3422
1260	6	1381
4251	10	259
4760	2	4519
2738	9	1229
2739	18	925
3745	10	4224
4761	7	241
4252	4	4799
4253	13	4999
1261	6	1956
2252	5	1174
3266	5	2558
760	10	4537
1746	11	2009
761	6	3206
1262	12	3234
4762	4	778
4763	8	88
1747	7	524
1748	9	1439
1749	18	4655
3267	17	578
3268	8	2496
2253	12	2055
2740	10	1984
3269	3	3633
762	9	1725
3746	14	1432
3270	13	1602
1263	6	2498
1750	13	2525
3271	6	4776
4764	4	1770
763	14	3563
764	11	4354
1751	14	727
1264	7	3732
3272	14	659
2254	19	2626
4765	3	1015
765	6	1043
2255	19	3059
3747	12	1324
4766	6	4970
3748	1	898
2741	10	2737
2256	3	3416
1752	1	1298
255	16	3310
2257	7	4329
766	18	2866
4254	1	4989
4767	9	4933
4768	12	4907
4255	7	318
2258	2	1098
3749	18	3645
2259	15	4367
767	13	1476
1753	12	242
2260	7	559
256	16	1257
3273	3	355
1754	8	1952
4256	3	327
1755	9	1784
768	2	3676
2261	6	1477
769	7	1688
1756	2	2443
3750	10	830
1265	18	4213
2262	11	612
1757	5	4215
1266	16	285
4769	12	2931
3274	18	294
4257	19	3367
3751	19	2955
1758	2	235
1267	7	1504
3752	3	113
4770	4	1378
1759	3	3329
2263	11	3090
1760	17	2820
770	14	169
1761	15	2217
4771	12	1192
4258	7	200
2742	5	4184
4772	12	1441
4259	12	3723
3275	19	1605
1268	18	3886
771	1	3000
257	5	4918
1269	15	4708
4773	3	1729
4260	3	1632
3753	19	4921
4774	1	2483
1762	4	473
1763	8	864
1764	14	3816
2743	11	3155
772	7	3694
1765	7	487
2264	18	3726
3754	4	2352
258	16	3647
1766	17	4887
773	5	581
3276	1	2578
3277	12	1787
774	12	1438
3755	15	183
1270	8	2101
4261	3	1652
3756	13	3219
3757	19	4558
1767	1	4739
3758	16	1443
1271	9	3731
1768	11	1819
3278	15	971
1769	5	1827
259	9	3063
775	14	505
260	14	1732
3279	7	1745
4262	12	3694
261	16	4516
1272	11	172
3280	8	287
1770	11	436
262	16	1380
2265	8	1371
1273	4	853
2744	4	3095
1274	17	2018
3281	4	3972
1275	12	28
3759	11	2014
3282	7	2675
3760	15	105
776	4	3375
3283	7	1221
1771	8	3992
2745	16	2033
2746	11	3634
4775	17	2736
263	16	1373
1772	1	1059
1276	13	1514
1773	14	965
1774	5	1092
264	16	1629
3284	1	354
4263	8	4757
265	16	4996
1775	11	500
4776	3	3893
266	16	3043
1277	10	2767
1278	7	4180
777	7	3597
1279	12	297
1280	11	3742
778	19	2559
267	16	2559
779	6	4298
2747	6	333
2266	2	4221
4264	8	4967
1281	18	3631
4265	3	737
1776	6	125
3285	13	2485
268	16	4742
269	16	2808
270	16	2084
2748	3	1514
271	16	258
2749	17	678
272	5	1553
1282	11	4008
4266	19	2250
4267	1	3695
2267	4	2655
3761	6	3109
1283	13	4062
2268	6	33
3762	5	433
3286	18	4637
2750	19	100
4268	5	3729
2269	18	2780
780	9	4998
3287	12	3605
4777	12	3742
781	9	3796
4269	12	4113
3288	11	4139
3289	18	3802
3763	10	1154
1284	9	1211
1777	5	3280
2270	15	258
2751	15	1890
4270	11	3601
2271	7	2501
1285	10	125
2272	6	1405
4778	13	1208
4779	7	4113
273	16	3070
3764	18	3402
4271	10	3935
782	10	1656
783	5	3788
2273	2	2313
4780	2	2501
3765	11	3262
2752	1	1420
2753	14	3259
1286	11	1524
2754	18	4849
3766	17	3045
3290	5	649
1778	13	4731
3291	18	4362
3292	15	1229
4781	1	1089
274	16	1101
3293	11	61
275	5	1719
1287	16	2632
3294	14	4543
784	13	4448
4782	18	567
785	14	4852
1288	18	4490
2755	6	3254
2756	5	1051
276	15	1004
277	16	4858
3767	5	3862
278	16	3496
1779	15	3293
4272	4	130
279	17	4476
4273	14	3497
4274	18	1354
3768	11	2267
4783	12	1480
1780	13	3431
1781	1	4995
3295	1	3369
2757	4	2179
280	16	3539
3296	4	3048
2274	14	2874
2758	9	300
4784	13	4082
1782	2	3733
2759	11	735
2760	17	847
1289	7	809
4275	1	804
1290	6	351
786	10	2091
3297	12	4039
4276	10	2456
2761	7	1521
3298	10	1530
787	9	3392
2275	9	143
1783	14	4535
4785	4	4691
1291	4	2821
1292	13	4183
1784	3	1303
1785	2	4181
4277	14	3377
2762	16	1168
788	8	4021
1786	18	105
4786	8	688
3299	3	287
281	16	1345
789	4	3232
3300	12	1972
1787	10	1026
2763	11	1676
3769	7	728
1293	1	1419
2276	10	4235
2764	4	1629
1294	15	2067
3770	2	1601
4278	4	4460
3771	12	3631
1788	6	1819
1295	14	2247
282	13	2104
1296	5	4118
3301	19	4891
3302	2	4587
3772	13	4854
3303	6	2470
2765	4	2581
4279	8	2026
3304	1	2809
3305	5	2798
4280	11	1911
2766	8	1313
1789	12	1119
283	16	1001
4787	12	351
3306	17	2166
4281	4	4555
284	16	3928
1297	3	2703
4282	15	1670
1790	4	2248
4283	3	872
1298	3	3729
4788	4	4012
4284	1	4801
2277	13	4207
1299	12	4097
4285	4	4664
4286	1	3483
3307	9	1187
3308	5	1036
4789	10	3238
4790	17	1325
2278	17	788
1300	4	3846
2767	1	3755
790	1	424
2279	13	1762
3309	13	3403
2768	7	4163
2280	3	491
3310	5	274
3311	11	2881
3773	4	584
1791	6	3475
791	6	3668
3774	17	4312
1792	11	1799
4287	10	3458
792	15	2857
1793	10	3561
1301	9	2375
4288	10	3113
3312	12	1569
1302	8	3975
4289	4	3793
3313	17	4221
793	12	1198
2281	4	3041
794	15	506
2769	13	40
1303	15	2826
1304	7	1189
3775	18	4488
4290	10	2378
3776	18	4402
2770	15	4695
3314	7	2376
795	8	301
1305	19	491
2771	19	3953
1794	13	1090
1306	1	2979
4791	7	3223
4792	14	3505
1307	3	1193
2772	7	1463
3315	13	458
3316	6	4902
2773	4	2184
2774	6	4053
4793	5	2321
1795	6	351
1308	7	563
3777	8	514
3317	8	4509
4794	12	948
3318	15	3102
1309	6	2102
796	2	3549
4795	8	1124
4796	19	2124
1310	1	294
3319	1	439
4291	2	4458
2775	8	3748
2776	5	4
1311	15	20
4797	12	4048
2282	9	3967
4292	9	89
285	16	2398
1796	15	2115
3320	2	3365
4293	6	3541
4294	11	1696
3778	14	509
2777	7	2455
1312	11	1427
1313	8	4643
1314	14	3676
286	16	4699
2283	7	2198
2778	3	740
797	11	1742
287	16	4495
798	12	3260
799	2	2451
2284	13	3718
1797	18	215
1315	4	2857
4295	12	938
3779	11	4027
288	16	1494
4798	3	3882
289	16	3759
800	9	1551
3780	10	2654
290	19	4382
1316	14	3467
4799	7	2963
4296	15	4301
3781	7	3037
2285	12	4781
3782	3	2889
291	16	3752
292	2	3228
3783	7	1438
801	5	214
2286	11	2865
1317	14	4632
1798	17	3604
1318	11	4991
3784	3	1985
2287	11	3122
293	6	4377
294	16	4164
295	16	1077
2288	9	2161
2289	5	3669
2290	6	1673
2779	13	317
4297	14	2950
3785	3	3970
2291	5	2886
4298	7	3234
2292	17	2016
3786	11	160
1319	2	2467
1320	8	760
1799	12	971
4800	11	224
802	14	1115
1321	2	3697
3321	8	2312
1322	19	1943
2780	12	4124
2293	10	2975
4801	13	4969
1800	11	3910
1323	5	917
1324	5	1182
3322	15	1237
4299	6	1034
3787	14	1524
3788	2	892
2294	7	3741
3323	14	2219
1801	2	1868
3789	17	2435
803	5	1050
1802	11	2648
1803	4	3727
3790	18	4658
4802	9	3244
4803	14	4072
804	14	932
296	16	2954
2781	19	4367
297	16	3011
298	16	1604
3791	9	245
3792	1	3905
805	14	4279
299	14	4043
4804	14	2180
2782	1	1250
4300	7	3063
3324	17	1498
2783	19	151
3793	18	4905
2784	12	1545
4805	19	2279
1325	18	2126
3325	6	1871
3794	5	1244
1804	5	1127
4301	12	3446
2295	6	3229
806	19	891
2785	3	788
2786	1	679
4806	13	1268
1805	7	3407
2787	8	4401
1326	13	3478
4807	17	78
4808	12	1245
1806	12	10
3326	7	2057
1807	5	3661
2296	13	1844
2297	13	3662
2788	18	2510
300	16	4006
3327	10	87
1327	14	2426
1808	6	2443
1328	10	2222
4302	17	2701
3328	2	66
807	10	4769
1329	9	1657
4809	7	913
1809	13	3377
2789	3	3734
1330	3	3973
301	18	3951
2790	10	3797
4810	3	1833
302	16	471
1810	8	1311
808	6	805
4303	8	2011
3329	15	2077
4811	3	984
3795	2	1946
3796	8	303
4812	8	1673
1811	19	4942
303	16	3478
4813	9	2096
1331	3	500
809	19	4516
3330	19	4153
2298	15	964
3797	17	2241
1812	3	4309
810	9	3670
2791	9	3666
2792	6	4458
4304	2	3599
811	8	4565
812	11	4575
304	7	4048
2793	9	154
2794	8	3742
4814	19	3386
3331	14	3955
4305	9	4529
305	1	3818
2299	5	4242
2795	6	1122
813	12	3476
4815	19	1306
3798	15	3579
1813	13	1227
1814	19	1302
4816	19	2450
814	14	2016
1815	9	4421
2796	10	3064
4817	1	2848
1816	6	4037
2300	8	4373
2301	3	2574
815	3	3415
2797	13	3568
1332	4	934
2302	10	1753
4818	9	3146
2798	3	3875
1333	6	240
1817	19	974
3332	1	3649
2799	2	3189
3333	2	1766
1334	12	203
3334	12	4036
4819	11	4983
816	6	393
1818	8	1254
4820	11	1005
3335	2	3974
2303	12	3013
4821	5	979
817	18	2430
3799	6	1376
1819	18	4332
4306	14	2627
1820	11	931
4822	2	1518
306	16	2012
1335	1	1552
307	16	1741
1336	1	2311
1337	1	2931
3336	12	4879
3337	5	2311
3800	13	1773
2304	6	3673
2305	10	2486
1821	9	4899
4823	11	3126
4824	1	4986
4307	19	4222
4308	18	1900
4825	1	2546
308	16	2505
818	9	3733
3801	3	1183
3338	19	3315
3802	7	1344
2306	6	1824
3339	4	4914
4309	9	346
3803	4	3995
4826	3	250
819	12	3760
3340	11	3671
1822	15	4320
4310	3	2584
3804	1	844
1823	10	1022
2800	13	4860
309	16	1448
1824	3	1380
820	8	1215
2801	17	119
2307	18	4316
2802	7	2856
3805	3	3376
1338	14	1931
821	10	1062
1825	1	4947
822	6	779
1339	13	3337
2803	8	2113
4827	7	3160
1826	5	2943
823	14	1084
4311	3	269
3806	9	3258
1827	5	301
3807	18	3525
4312	10	460
310	16	3732
2804	12	653
4313	5	4357
311	16	2115
312	16	2202
3341	1	4182
3808	14	4642
2308	9	926
3342	19	513
313	14	2340
2805	14	607
4314	6	2168
4315	7	894
1340	8	2097
314	4	2476
2309	19	4835
1828	10	963
4828	6	4953
315	5	376
824	1	1137
4829	2	1644
825	5	3028
4830	12	2836
4831	15	3166
2806	8	1107
2807	4	3472
3809	10	4771
2808	5	654
2809	18	1280
2810	18	1062
2811	9	3668
316	16	872
317	16	87
4316	9	761
4317	10	4948
3810	14	3623
1341	4	1037
3811	9	2484
3812	14	2033
1342	9	2832
3813	15	3113
4318	16	4111
4832	6	2390
3814	12	156
1343	12	1955
2812	18	4498
318	5	625
319	11	3480
1829	5	1390
2310	3	3528
2311	14	1074
3815	4	299
2312	14	2360
4833	19	2491
2813	1	835
3343	8	568
1830	9	4908
3816	3	2906
1344	3	173
320	15	1301
3344	5	683
2313	4	426
3345	18	4533
3817	11	3854
4319	15	4260
3818	7	2865
2314	14	4726
826	9	1988
321	16	4387
322	10	4509
2315	12	2532
2814	10	449
827	4	4584
828	16	1648
1831	3	2485
4834	18	2457
1832	9	459
3346	13	1435
4320	9	4563
3347	19	4060
2316	3	996
4835	9	436
4836	17	662
1833	18	729
1834	8	18
2317	18	4633
323	16	2583
829	7	2021
830	7	888
2815	5	3413
3819	12	645
3820	10	4933
1835	3	4913
2318	10	3507
4837	8	2587
1836	11	1876
3348	3	1436
4321	14	3038
3349	19	718
3350	4	4587
2319	10	2091
4838	12	2331
1837	14	2865
831	7	4764
4322	9	1766
2816	14	4379
1838	4	2740
2817	1	4897
1839	14	3113
4839	3	67
2818	13	3385
4840	19	586
4841	7	3160
3351	1	1928
3352	1	3299
2819	11	2470
3353	4	67
4323	14	3459
2320	12	1533
324	16	1496
1840	6	4783
325	16	2580
4842	12	3469
2820	18	4005
832	6	1737
833	4	3584
326	14	1667
1841	19	3366
1842	8	173
3354	18	1060
2821	2	2230
1843	4	4803
4324	4	4485
2321	9	4180
4325	18	476
3821	13	2213
4326	10	3509
327	8	1842
2822	13	2382
4327	10	1945
2823	15	1189
4843	10	89
1844	19	1666
4328	14	4554
4329	7	1822
3822	11	125
2824	14	3043
4844	3	4841
2322	5	4925
1345	6	3141
4845	3	2429
834	13	4313
1845	15	2765
1346	5	1928
3823	7	1090
1846	5	1750
4846	11	696
2323	4	141
3824	11	4336
1847	10	51
3825	2	1914
4847	10	3874
4330	8	4184
1347	7	2891
2825	13	3094
1348	6	4192
328	14	4673
1848	12	2866
1349	7	4582
2826	4	3314
1350	2	3040
2827	12	2978
835	11	1641
4848	18	4082
1351	8	4262
2828	7	1544
2324	3	4949
2325	4	1311
3355	12	4161
836	14	4817
329	16	4363
330	16	4772
3356	4	1792
837	11	3357
2829	4	1569
1352	9	3559
4849	4	2587
4850	6	1626
331	8	2425
4331	10	1050
2830	6	3684
2831	4	1245
838	3	1312
4332	13	3434
3826	9	3860
839	15	457
3827	12	4245
1353	14	457
3357	18	3329
840	13	4155
2326	11	1682
1354	11	214
3828	12	121
3358	3	3561
2832	1	4318
1849	4	2389
2833	6	289
2327	12	4701
3829	3	3062
2328	1	1857
332	16	3926
4851	4	627
2834	11	2926
841	15	3144
3830	2	2559
1850	18	2150
1355	8	207
2835	13	2445
4333	11	3408
4852	12	4573
3359	8	4975
4853	13	1524
1851	9	3039
2836	19	4545
842	19	1204
3831	3	3519
4334	7	2540
4854	12	4205
3832	9	1661
3833	18	4710
3360	5	4170
333	16	704
2329	11	4998
4335	1	1109
4855	4	1953
334	16	230
335	1	2030
336	16	2473
2330	13	2147
337	16	4376
4336	2	1245
3361	3	1931
2331	15	1699
843	14	4669
338	16	292
1356	4	4176
4856	11	1895
4337	19	1090
339	13	2474
340	16	4852
1852	18	2344
844	8	4665
2837	18	4590
341	14	1735
3362	13	403
4338	19	4222
2332	4	2967
1853	8	1030
2333	9	2566
2334	17	3957
2335	11	710
3834	9	1743
3835	4	3920
4339	8	4822
2336	9	908
1854	18	3118
845	16	2736
4857	6	3483
342	16	1856
4858	5	3134
3836	1	1081
2838	2	4874
4340	18	3817
343	16	559
1357	7	2592
4859	13	38
2839	13	3797
4341	5	1291
4342	9	4966
2840	18	4443
4860	13	1729
1358	11	3825
2337	3	3304
846	7	2239
1855	9	3057
3363	17	2856
1856	2	650
2338	6	4310
2339	17	316
847	11	2049
2841	5	3945
1359	1	4841
2340	6	4289
848	10	4782
344	16	3809
2341	12	4329
849	4	3639
850	4	3781
4861	3	642
4343	8	657
2342	11	4551
2343	4	4478
2344	6	2949
2842	12	1990
3837	6	1902
2843	4	3237
1857	17	4691
345	16	3059
2345	7	4610
346	12	3962
1858	10	3261
2346	1	3939
2844	4	4290
1859	9	2863
4344	14	4321
3364	18	3271
1360	6	449
347	16	394
851	11	2001
4345	19	691
348	12	388
4346	15	944
1361	1	1009
3838	15	4481
1362	9	663
2347	19	1918
2845	12	4718
2846	15	544
3839	6	3906
4347	3	1592
1860	3	2459
1861	15	2649
4348	10	3695
3365	15	4983
3366	17	869
1862	8	78
349	16	885
4862	4	985
2348	3	3132
852	19	3087
1863	19	1833
3367	19	4278
3840	17	2422
350	9	107
2349	1	3842
3841	9	1528
3842	17	2595
4863	7	4268
2350	17	3809
1363	14	2806
2351	3	2718
2352	1	2306
1864	9	2438
2353	7	3648
3368	6	3384
4864	2	4924
351	9	4425
2354	19	2178
1865	14	3825
2355	15	1521
352	16	2851
2847	12	4111
853	12	2115
4865	14	1139
2848	4	2757
2356	8	3770
2849	5	2832
4866	2	782
2357	4	1480
1364	4	1151
4867	8	4727
2850	12	992
2358	4	4137
3843	14	2223
4349	7	4577
4868	15	3238
3844	6	4190
3369	4	2528
1365	19	2661
2359	9	633
3370	9	3822
3371	12	4060
3845	15	1408
4869	12	2969
3846	7	1069
4350	4	1701
353	16	4342
854	10	46
1366	4	3262
354	16	4695
4870	6	4442
855	12	1435
3372	2	4332
4351	1	2337
355	16	4650
3847	14	190
3373	2	230
1367	18	2838
2360	10	1988
356	10	3698
4352	7	954
357	16	4364
1368	12	2828
856	14	298
3374	7	667
4353	6	4419
1369	14	483
1866	4	3310
857	16	4023
1370	18	3414
4871	7	3397
1371	5	4663
1372	7	1585
3848	10	2320
3849	8	3442
2851	6	101
1373	7	1854
1374	12	4319
4354	15	3493
1375	11	4651
1376	12	3227
3850	8	3698
1867	5	4414
858	2	4164
3851	13	3980
2361	3	2043
358	16	3255
4872	6	1203
1868	9	620
2362	4	1561
4355	4	3740
1869	10	742
2852	8	3124
2363	5	1519
1870	19	4350
1871	6	118
359	11	3841
4873	17	1940
3852	11	1810
1872	9	410
4356	3	1498
2364	18	4745
1377	10	1672
3375	5	781
360	16	1871
4357	10	1926
859	4	2646
361	4	3856
1873	1	1543
2853	18	4371
3853	6	455
3854	1	3594
3855	6	2551
4874	9	698
4358	12	865
3856	3	3219
4359	13	2976
2365	7	4279
1874	12	2544
2366	15	2527
1875	2	2723
4360	11	3812
4361	13	19
3376	9	3328
3377	10	3136
1876	6	953
3857	3	502
362	11	207
4362	1	1118
860	18	4767
1877	6	4511
363	16	2598
364	9	3829
3378	5	32
1878	5	2723
2367	19	413
861	2	2413
3858	4	3620
4363	19	547
3379	5	857
2368	18	4328
365	5	2476
4364	4	3501
1378	10	1810
3859	13	196
3380	6	904
862	7	1476
863	13	4463
3381	15	4312
864	3	2499
3860	3	37
4875	7	1761
3861	6	2284
1379	5	4169
1380	14	3343
2369	9	683
3382	5	3319
2370	14	3169
1879	14	3598
4365	9	4433
4876	8	466
2371	9	4080
4366	3	995
1381	1	216
3862	2	2084
1382	4	1541
366	17	3557
1383	6	3847
3863	4	463
3864	5	64
865	5	3937
367	5	4942
2854	4	195
1880	3	4222
2372	5	1336
866	5	4762
1384	11	354
1881	7	4021
867	2	2618
4877	11	59
4878	6	617
3865	6	3969
368	14	4242
4879	5	2057
868	18	2228
869	15	3760
2855	13	393
870	10	4473
3866	4	2164
871	4	2050
3867	3	1782
1882	1	4664
4880	13	1341
1883	19	3222
369	11	3501
1385	1	3918
2856	15	1548
3868	8	373
2857	19	1019
1386	5	3121
872	11	3607
3869	14	334
4367	17	4763
4881	5	657
370	16	890
3870	1	3324
1387	11	3950
2858	5	1693
2373	12	1493
2374	17	4563
3383	6	1711
4368	14	3700
2859	15	455
3871	7	490
873	15	1895
4369	12	1234
3872	5	3207
2375	11	389
4882	3	1045
2860	9	4804
3873	3	1603
2376	3	2148
4883	18	280
1884	11	4884
3874	13	3916
1885	14	4589
371	1	4765
4884	3	558
4370	2	4983
2377	5	3237
3875	8	3808
3384	12	1405
4371	11	2837
372	14	1299
874	2	2131
875	17	905
1388	3	1491
2861	15	383
1389	13	172
373	16	3300
4372	6	1179
3876	6	4938
876	12	518
2862	12	4104
877	5	367
4373	2	1435
4374	11	3710
4885	11	633
374	16	2006
4886	15	3260
2863	11	1790
1390	17	1703
3877	1	1001
2864	4	2487
1391	6	3230
375	16	2974
4887	10	4773
1392	6	4596
1393	19	3502
4375	5	980
4888	13	1916
878	11	4386
879	18	1083
3878	4	2417
2865	7	777
4889	2	1306
376	16	2427
2866	14	24
4890	13	1334
4376	5	1480
4891	11	533
377	16	1600
3385	8	2019
3879	9	3649
378	16	2858
1886	8	4032
1394	15	4692
379	16	3568
2867	10	1137
2378	3	4087
880	19	1710
380	1	2368
881	10	2772
4892	4	3614
3386	12	2588
1887	2	3049
381	16	1336
2379	1	2777
3387	8	4926
2868	9	1217
2380	12	931
2869	6	4249
4893	5	1672
4894	7	3652
882	12	4753
2870	16	3111
2381	1	4017
4895	19	488
4896	18	3791
1888	19	3287
382	16	767
4897	19	577
883	11	3754
2382	7	4553
1889	4	3801
3880	13	313
4898	10	18
4377	12	4922
4378	7	4137
3388	18	2371
4899	10	1686
2871	7	3597
2872	8	1698
884	14	3746
2873	11	4282
4900	1	3612
2383	16	4965
1890	11	46
4379	15	2160
2384	10	4429
885	1	1427
2874	19	3797
2385	6	3736
1395	14	161
886	5	2137
1396	4	619
2875	12	53
383	16	1683
2876	15	2650
4901	8	3630
2877	1	4252
3881	9	3529
1891	11	4472
4380	9	763
4902	7	2260
1892	19	2470
4381	2	344
4903	18	1540
1397	13	1598
3882	4	3595
3389	13	4955
2386	1	3043
4904	18	639
3883	12	4806
2387	1	1220
3390	8	285
4905	6	417
1893	18	3243
4382	8	2338
4383	4	2984
1894	15	1978
3391	12	904
2878	4	4734
3392	2	2704
1398	5	2228
4384	9	4124
3393	17	2370
1895	13	407
4385	3	4630
3394	5	3920
384	2	4940
385	8	111
3884	3	1970
2388	12	112
3885	6	3493
2389	10	964
1896	7	3724
887	1	4334
4906	2	4239
2879	10	77
3886	11	3382
1399	17	3407
888	10	4889
1400	14	2035
1897	15	145
3887	13	1830
1401	2	3540
4907	9	315
2880	14	900
4386	14	1777
2881	12	705
2390	13	3382
3888	12	2038
4908	19	321
4909	9	4806
4910	15	36
1898	19	3766
889	15	4619
4911	4	2947
1899	5	4710
2882	7	827
890	6	297
891	19	3049
2883	5	4452
2391	4	90
4387	17	3436
1900	3	4278
1901	18	4615
3889	10	3241
386	16	4494
4388	10	4692
2884	6	4803
3395	7	3750
2885	19	1440
4912	11	1445
1902	3	2867
3890	19	3904
4913	19	4163
387	16	2385
2392	13	513
3396	17	2938
388	3	3673
1903	3	2963
2393	14	3306
2886	7	3338
3397	8	2006
892	13	2753
4914	19	4268
893	9	4312
3398	1	61
2887	2	1995
389	16	1328
390	16	1462
4915	12	3230
3891	13	1647
3892	4	1968
1402	12	4587
391	16	3530
2888	12	1324
894	5	4783
1403	13	493
3399	18	140
4389	12	4391
392	16	2621
3400	13	4652
895	9	595
2889	3	1533
2394	10	2979
4916	6	2413
3401	19	3832
896	6	54
4917	7	667
2890	1	889
4390	2	1845
2891	15	2143
393	5	3667
2892	12	2138
4918	8	2470
1904	8	324
4391	10	2130
3402	4	3359
897	12	92
3403	2	2568
2893	1	178
4392	8	4428
2894	11	1837
2895	3	2309
4919	4	2094
4920	4	3879
4921	6	2176
898	11	2461
4922	3	311
899	14	3577
3893	15	4810
4393	5	731
1905	15	975
3404	1	4161
1404	13	422
4394	5	1882
3405	19	1168
394	16	4275
3894	12	1387
900	3	4983
3895	15	1551
2395	17	4827
395	16	270
3896	12	4016
4395	4	4482
4396	18	2004
901	2	1939
396	5	655
4923	17	4051
3406	17	969
1405	5	3011
3407	13	250
2896	14	90
397	10	4711
3408	14	745
3409	8	759
398	16	4084
2396	11	1476
902	19	1156
903	19	4192
399	16	3901
1406	8	4630
904	8	4271
1906	9	199
1407	13	4688
3410	6	1425
4924	18	3550
3411	15	1167
4397	17	3039
2397	3	4206
2897	2	2878
4398	3	4608
3412	13	3820
2398	3	1256
3413	13	1837
3414	6	1858
4925	3	4719
2399	1	1194
1907	7	1868
4926	5	4006
905	1	4779
2898	8	1331
2899	14	221
906	10	1229
2900	12	438
2400	6	2354
1908	18	4820
907	15	776
1408	6	1525
400	16	3848
1409	18	309
401	4	263
2401	15	3287
4927	13	4366
2402	7	494
908	7	393
402	16	3801
1410	7	3367
909	14	2167
4928	11	843
1909	13	288
403	13	2639
404	16	1001
2403	9	4397
3415	13	4654
910	6	1655
405	16	2165
406	8	552
1411	17	1689
4399	2	4123
4929	12	4810
911	3	3584
2901	15	429
1412	13	2208
3416	8	4139
4930	7	3005
2902	18	1894
3897	3	4891
1413	4	138
3417	9	1043
4400	6	3175
1910	9	4118
3418	4	1740
3898	13	454
407	15	839
408	3	779
1414	3	189
3419	7	3338
2903	14	1739
4401	7	1980
2404	4	2234
2904	5	3406
2905	3	2860
1911	4	306
409	14	2335
1912	6	4525
3420	12	2205
2405	6	656
2906	6	1534
1415	18	15
4931	1	2008
3899	3	2285
1913	3	3834
3421	12	278
2406	10	3004
4402	5	2954
410	14	2121
3422	8	2648
3900	9	4598
3901	4	2400
2407	14	768
2408	3	1267
4932	15	97
411	16	4231
912	15	2838
2907	10	3942
913	9	612
412	14	671
2409	12	3683
2410	19	3714
3902	17	4183
2411	18	3270
1914	12	49
3903	11	2421
2908	3	3236
1915	8	1651
1916	11	87
914	9	3890
1416	10	1160
3904	15	932
1917	18	3050
4933	6	285
3905	4	4711
1417	3	4910
915	3	3961
4934	4	3561
413	16	1993
916	8	2850
4403	5	1476
2909	9	3526
1418	15	4440
1918	5	1551
4404	3	3115
4405	15	3466
2412	7	4176
4935	13	2025
4936	9	4873
2910	12	2180
4406	15	2195
3423	17	4821
4407	2	3678
2413	1	4647
4408	13	2686
917	5	4847
1419	4	1294
4937	15	1961
4938	12	2763
4409	11	3276
1919	13	2186
918	7	474
3906	9	553
1920	9	1469
2414	1	700
1921	18	1875
1922	5	1244
3907	15	1113
2911	5	3511
1923	11	3851
4410	7	1474
1420	3	815
4939	1	4625
3424	11	2148
2415	7	2841
4940	3	4038
919	3	3285
2912	7	1352
2416	15	285
3425	13	2137
2913	10	1984
3426	18	1230
3427	15	3533
1924	13	734
414	16	2694
3908	14	2572
3909	13	98
3428	1	2666
415	16	39
3910	11	4725
2914	9	3145
1421	14	3498
4411	7	3571
1925	6	4205
3429	3	967
4412	9	668
2417	12	1331
920	2	3304
3430	7	3415
3431	1	4974
1422	10	3170
2915	9	756
1423	14	3687
4941	12	3706
1424	4	3216
921	10	3876
416	16	3690
1926	9	2895
3911	15	657
3912	5	3206
417	16	4577
1927	13	61
1425	12	2500
2418	11	2314
922	3	2186
4413	1	4085
1928	14	1524
3432	9	4597
1929	3	3604
4942	9	797
418	16	4531
1426	4	2919
2916	12	1255
4414	6	3792
4415	4	4883
1930	17	2282
4416	17	4276
1427	11	3748
2419	12	2290
4943	19	4691
3913	6	2721
2917	11	3112
3433	12	2520
4417	18	3482
3914	2	2451
4418	1	2240
923	7	814
1931	3	4829
2918	8	413
3434	18	2979
4944	12	570
1428	3	1159
3915	19	1101
4419	18	3144
3916	5	3348
1932	12	2573
924	8	106
2919	11	83
925	19	4147
4420	11	471
4421	14	3652
4945	3	146
4946	4	1314
2420	12	885
2920	13	4567
4947	8	4898
419	16	609
3917	7	3852
420	14	3638
4948	13	828
421	19	1046
2921	3	3478
3918	12	4947
422	16	1184
1429	6	1232
423	16	3715
4422	4	2648
4423	1	4975
4424	12	1447
926	1	2279
2421	3	2544
2922	8	1332
1430	6	1492
424	16	1002
1933	9	1930
1934	9	2466
3919	17	3367
927	6	4830
1935	3	3001
4425	3	4015
4426	15	1276
4427	6	1488
4949	11	635
4950	2	1536
4428	3	4442
4429	10	2925
1431	13	129
1432	19	2233
425	16	440
3920	12	665
4430	15	839
1433	1	1605
2422	5	2496
426	16	4347
4431	1	4926
2923	2	980
1936	1	829
928	13	542
3921	9	4027
4432	13	2663
1434	4	368
4433	3	4967
2423	6	2287
3435	4	3416
2924	4	3902
1435	6	94
3436	1	104
4434	19	648
1937	17	2738
929	7	3176
1436	3	4932
1437	15	4421
4951	10	4750
4952	9	3154
930	13	938
4953	17	3282
3922	15	593
2925	11	2795
2926	4	3715
427	16	809
4954	4	4860
428	14	3659
931	4	1896
4435	10	3178
3437	4	2446
4955	19	3657
2424	6	1981
4436	5	422
3923	8	3986
3924	12	3894
3438	2	3387
4437	7	108
429	16	3641
2425	4	3049
4438	4	3224
4439	12	1495
1938	13	4570
2927	6	1078
4440	15	3715
4441	4	3441
932	15	3250
2928	14	3244
3925	17	564
2929	2	1470
3926	3	2680
933	5	4772
934	14	1570
430	16	2200
4442	18	806
3927	13	3953
4443	8	4115
3928	2	2364
431	3	4817
1438	11	3532
935	19	1863
3929	7	3509
2930	5	3443
1939	6	1722
2426	14	2860
4444	18	1661
2427	7	2997
936	18	1639
2428	3	3272
3439	8	1213
2931	18	4255
432	5	2112
433	16	1975
1439	3	4667
1940	5	919
1440	13	3936
1441	10	3693
1941	10	1941
434	16	4552
937	15	1136
3440	14	1215
1942	11	4774
938	18	643
4956	6	1042
3441	2	4902
3442	11	1862
3930	18	2097
3443	9	2153
2429	3	2495
939	19	4036
2430	17	2850
1442	1	1499
1943	11	1789
4445	11	263
435	16	4694
2431	11	4548
436	16	1075
1443	4	4098
1444	4	2310
2432	19	2246
940	3	3308
4446	14	94
1445	18	4273
2932	4	53
1446	4	4400
3931	7	634
3932	11	2188
1944	12	2851
2933	3	831
3933	14	2002
2433	4	1082
941	12	3982
4957	11	1569
3444	12	1721
3934	5	4528
3445	17	445
1447	7	1662
3446	8	240
3935	9	4914
1945	18	1789
1448	10	76
1449	5	361
3936	10	3480
3447	1	1362
942	8	4121
3937	3	814
2434	2	3566
1946	3	1183
3448	1	1700
2934	14	3922
3938	11	527
4958	1	299
3939	3	3550
943	15	2250
1947	11	2180
944	3	2827
3940	11	2151
945	19	2136
946	3	1944
437	16	658
2935	17	2886
1450	11	862
4959	9	711
4960	9	2612
2936	10	2992
4447	10	4651
4448	13	1341
438	16	2803
4961	4	454
1451	10	2404
947	3	1968
3941	3	3690
2435	12	3391
4449	2	3879
3942	16	238
4450	1	3850
3943	13	2118
4962	8	2233
3944	7	4016
4451	2	3525
2937	3	2983
1452	4	3612
3449	5	5
1948	13	4278
2938	13	3907
948	5	4303
4963	19	3057
2939	8	4856
1949	13	140
2940	11	1075
2941	14	4991
3945	7	3410
4452	5	4328
2436	10	4198
1453	6	1418
949	9	3680
4453	10	4716
1950	1	1291
1951	5	1780
1454	11	4917
1952	6	4756
4964	13	2058
4454	9	457
1455	5	3072
439	16	270
1953	15	4075
1456	10	1783
1457	6	371
2437	12	2403
1458	9	2370
1954	2	3211
2942	3	3236
1955	19	1564
3450	3	1864
2943	12	3720
1459	10	253
950	8	3127
3451	3	4018
1460	12	2670
951	6	975
3946	7	741
2944	2	913
4455	1	3387
2945	17	1010
4965	12	3547
3452	10	2052
2946	19	4849
440	16	4909
441	16	408
3453	18	981
3947	13	1103
952	1	4529
1461	3	134
3948	6	3144
4456	11	3516
2438	13	1447
4457	5	3195
2947	10	11
442	15	3522
4458	19	4401
2948	12	1923
2439	6	61
953	3	4372
954	12	3378
955	10	4712
1462	2	1410
3454	9	1129
2440	8	3960
1463	1	776
3949	15	2306
2441	11	1575
1956	5	1130
2949	7	3393
443	16	2302
1464	7	1111
3950	11	3075
2442	7	684
2950	18	3787
956	14	2172
444	5	3677
2443	11	4261
957	5	3002
958	2	1552
2444	9	2384
4966	4	3957
4967	11	1037
445	16	1665
446	3	3660
3455	3	2875
1957	13	3002
3951	12	19
1465	2	3476
2445	9	567
3952	14	1128
1466	3	1981
447	3	4337
4459	8	2420
2951	6	2790
448	3	2408
959	8	2085
1467	8	4600
960	3	2106
4460	2	2186
2952	12	178
2953	18	3629
2446	1	2172
961	14	3586
2954	9	2607
3456	13	4854
4461	8	1238
1468	3	3453
1469	12	292
4462	8	2207
3953	8	1211
3954	9	1948
3955	2	4912
2447	18	4850
2448	3	953
962	11	4119
2449	14	552
4968	19	1565
2955	2	4691
4969	19	93
2956	7	4853
2450	15	2440
4970	18	1863
3956	15	4858
449	16	2933
2451	10	4565
2452	11	1849
450	16	3739
3957	11	1474
1958	11	3259
4463	3	4640
1959	12	3431
2453	11	1193
451	15	3522
2454	11	28
2957	7	4839
452	16	1129
2455	7	4471
3457	14	3719
4971	10	679
963	12	2181
1470	17	4017
964	15	4181
2958	7	245
965	10	2170
3458	1	4997
2456	4	1529
2457	1	1421
2959	15	4449
3958	11	3858
453	16	1383
4972	9	3708
4464	8	2716
4465	9	6
1960	2	4320
966	15	1528
4466	2	1508
454	16	905
3459	7	2916
1961	15	2111
967	8	4337
2458	7	1068
2960	11	4622
4973	8	4278
455	16	2045
2459	11	4656
456	16	3811
4467	13	3670
2961	19	4828
2460	18	2835
3959	15	1688
968	3	290
969	14	2432
4974	8	3482
4468	7	3604
2461	1	2726
3960	6	3125
3961	13	4256
1471	5	1265
1962	10	2387
2962	6	1286
457	16	3851
970	7	2131
2462	4	624
1963	3	4966
4469	8	4523
458	16	1298
459	16	3455
460	16	4618
4975	4	1336
461	5	4000
462	13	4585
2963	4	4412
1472	3	2535
1964	18	267
1473	14	3326
2964	13	3038
463	16	1811
1474	19	1565
3962	6	2130
4470	5	1923
3460	19	4930
3963	13	3201
1965	3	3084
2965	1	3139
4976	10	3275
3461	3	1751
971	8	3562
4471	1	1915
464	16	1792
2966	4	3860
2463	4	3212
1475	9	3513
465	16	4337
2967	1	1679
1966	8	3268
3964	12	325
3965	4	4147
1967	14	3532
1968	7	2197
1969	10	3284
1476	19	1470
1970	6	4564
2968	7	1951
4977	4	2937
1971	12	4682
1972	6	144
972	13	3714
1973	2	1220
1974	16	73
2969	11	1082
3462	8	1687
466	8	3338
467	16	807
1975	12	770
2464	10	2633
3463	15	4180
468	5	3833
973	5	4039
2465	17	2680
2466	8	775
3464	7	2598
2467	12	4595
1976	3	4099
3966	11	3411
4978	1	1371
974	5	3421
469	16	2326
3967	15	57
3465	8	1940
470	14	846
2468	3	2948
1977	1	3607
1978	14	3751
4472	11	1314
2970	18	3720
4979	17	539
4473	18	2340
2469	19	2477
3466	8	2218
1979	17	1699
1980	2	2032
3467	15	4876
2971	6	3057
1477	11	1872
4980	1	631
2470	3	1658
3968	7	2798
3969	18	2783
1478	10	2564
975	1	817
2972	1	2
3468	17	614
1981	2	2763
4474	13	2875
3469	7	2733
471	16	3531
976	5	4368
3970	18	2875
3971	9	37
2471	15	217
1479	3	3567
1480	4	2867
2973	10	1883
2472	8	3810
2974	12	4851
472	12	3704
3470	18	1130
2473	1	2823
977	3	2414
4981	18	886
4475	4	4832
3471	13	962
1982	8	4664
978	3	3477
3972	19	1915
473	16	1680
2474	14	794
4982	4	1726
2475	10	4194
979	17	643
3973	5	3279
1983	6	4909
4983	9	4340
2975	3	1919
2976	3	1092
2977	19	4292
1481	15	596
3472	1	3764
980	19	1121
3473	10	3482
474	16	964
2978	15	2575
4476	11	4476
2476	18	4178
2979	19	3490
2477	5	1236
4477	2	1361
2980	6	2939
981	3	2617
3474	19	2920
2478	12	793
1984	3	2218
1482	8	1000
2981	15	608
475	16	771
2982	17	13
2479	13	272
3475	5	422
476	10	848
1483	12	1931
2983	9	2108
2480	11	3243
982	15	3244
2481	13	2228
4478	6	3076
1484	18	3981
3476	5	2589
2482	19	464
4479	15	1315
4480	6	40
4481	3	698
4482	9	2697
3974	5	152
2984	9	3059
1485	15	970
3477	9	3877
3478	5	2574
477	4	1150
2483	19	1403
2484	9	1199
1486	2	1854
1487	19	3333
983	12	3561
4483	4	1443
2985	3	3635
3975	10	4142
478	11	3474
4484	18	2226
4984	19	589
479	16	1216
3479	4	3647
3976	1	2837
2986	13	312
1985	17	2047
4985	14	4915
2987	11	3612
3480	6	1999
3977	1	4926
3481	14	4500
480	16	3535
3482	10	51
1986	14	2831
3978	7	1528
4986	4	2094
1987	13	2404
2485	9	2860
2988	19	2293
2989	14	2445
4485	13	4273
3979	4	4534
4486	14	1891
984	1	2140
1488	13	441
4987	5	4599
2990	12	1360
985	14	2653
3980	13	1835
2486	19	2980
1489	2	1257
986	1	4677
1490	18	3028
987	3	2963
1988	18	2896
2991	19	3480
481	16	3839
2487	2	2992
4487	2	4391
4988	16	3568
482	5	225
3483	19	3295
1989	6	4794
483	16	2821
3981	8	1590
2488	11	3374
4989	10	1260
484	4	1418
2992	14	1168
3484	18	4222
3982	3	555
4488	1	1689
3485	3	2400
2489	9	3128
485	16	2761
486	16	3203
3486	8	403
2490	14	307
3983	5	1422
988	15	4076
3487	15	4021
487	16	2908
989	10	1721
3984	4	1605
4990	2	2111
2993	18	270
488	16	4735
3488	6	4971
2994	19	2457
1990	10	3579
1491	14	4850
3985	14	3969
1991	11	1729
4489	2	441
4490	8	3705
3489	7	1844
3490	12	2373
4991	18	459
3986	3	3674
1492	3	1625
3987	9	3074
2995	4	90
1992	15	1954
3491	7	4720
990	17	3742
991	15	85
1493	10	3070
992	15	2869
1993	7	816
2491	3	2051
489	16	1030
2996	17	4698
2997	13	1702
1494	10	4101
4992	4	2529
490	16	3977
3988	4	4320
1495	6	2873
4993	15	501
3492	2	3525
4491	12	1237
4994	5	1758
1496	10	3991
491	16	85
993	8	654
3493	4	2565
994	14	4214
3494	14	571
3989	15	4357
4995	12	4064
2492	3	1500
2493	9	1361
1497	9	2529
4996	7	3922
4492	3	468
3990	18	4059
4997	10	3287
995	10	3275
4998	9	31
4493	8	243
3991	3	1026
492	5	3122
493	16	979
4999	5	1298
4494	4	3386
2494	4	4961
1994	3	279
3495	12	4270
4495	9	2338
4496	1	2064
1498	1	1107
4497	9	1046
996	4	769
4498	3	566
494	16	3431
3992	19	451
4499	6	425
2495	1	652
1995	8	160
3496	13	4784
2496	9	2595
997	9	2327
1499	12	694
495	14	1581
998	1	3649
3993	4	69
2998	12	1357
496	16	1222
4500	17	1373
2497	7	2960
3994	18	2457
497	14	286
3497	4	3472
3498	19	3195
5000	13	4003
498	16	718
1996	5	2986
1500	14	2735
3995	17	3582
3996	15	4376
2498	17	3992
2999	2	129
3499	19	4191
2499	15	2124
3997	18	4231
3998	8	2421
1997	3	2372
3999	3	3450
999	4	484
499	16	58
2500	1	1446
1998	15	3367
1000	11	235
1999	4	3614
3500	15	7
2000	3	2411
500	16	3185
3000	2	531
4000	7	1411
